nevent:     1
ndim:       2
run:        1
name:
rho:        14.099283
netCC:      0.922813
netED:      0.008262
penalty:    0.783224
gnet:       0.594814
anet:       0.629156
inet:       1.798290
likelihood: 5.504697e+02
ecor:       2.424833e+02
ECOR:       2.424833e+02
factor:     0.000000
range:      0.000000
mchirp:     0.000000
norm:       0.790928
usize:      0
ifo:        L1 H1
eventID:    1 0
rho:        14.099283 15.024308
type:       1 0
rate:       0 0
volume:     251 251
size:       7 204
lag:        0.000000 0.000000
slag:       0.000000 0.000000
phi:        350.156250 0.000000 130.921906 350.156250
theta:      85.519203 0.000000 4.480799 85.519203
psi:        42.974583 0.000000
iota:       677.518555 0.000000
bp:          0.2945  0.1580
inj_bp:      0.0000  0.0000
bx:          0.3068 -0.3937
inj_bx:      0.0000  0.0000
chirp:      0.000000 0.000000 0.000000 0.000000 0.000000 0.000000
range:      0.000000 0.000000
Deff:       0.000000 0.000000
mass:       0.000000 0.000000
spin:       0.000000 0.000000 0.000000 0.000000 0.000000 0.000000
eBBH:       0.000000 0.000000 0.000000
null:       2.523901e+00 1.441241e+00
strain:     2.085468e-22 0.000000e+00
hrss:       1.350002e-22 1.589550e-22
inj_hrss:   0.000000e+00 0.000000e+00
noise:      1.150737e-23 1.020866e-23
segment:    1126259412.0000 1126259608.0000 1126259412.0000 1126259608.0000
start:      1126259461.7500 1126259461.7500
time:       1126259462.3910 1126259462.3984
stop:       1126259462.5000 1126259462.5000
inj_time:         0.0000       0.0000
left:       49.750000 49.750000
right:      145.500000 145.500000
duration:   0.024773 0.750000
frequency:  123.828491 95.625137
low:        32.000000
high:       320.000000
bandwidth:  51.838589 288.000000
snr:        2.070290e+02 3.467440e+02
xSNR:       2.026089e+02 3.494547e+02
sSNR:       1.982831e+02 3.521865e+02
iSNR:       0.000000 0.000000
oSNR:       0.000000 0.000000
ioSNR:      0.000000 0.000000
netcc:      0.922813 0.922302 0.929052 0.740399
neted:      2.003356 10.965141 553.772949 6450.472168 6686.006348
erA:         0.000  3.636  5.535  7.096  8.508  9.899 11.341 12.899 14.758 17.551  0.000
sky_res:    0.458065
map_lenght: 1000
#skyID  theta   DEC     step   phi     R.A    step  probability    cumulative
90866   85.5    4.5    0.35  350.2  130.9    0.70  1.904648e-03  1.904648e-03
90354   85.2    4.8    0.35  350.5  131.3    0.70  1.862319e-03  3.766968e-03
88821   84.3    5.7    0.35  352.3  133.0    0.70  1.856221e-03  5.623188e-03
89333   84.6    5.4    0.35  352.6  133.4    0.70  1.842848e-03  7.466037e-03
89332   84.6    5.4    0.35  351.9  132.7    0.70  1.834789e-03  9.300826e-03
88820   84.3    5.7    0.35  351.6  132.3    0.70  1.829894e-03  1.113072e-02
89331   84.6    5.4    0.35  351.2  132.0    0.70  1.815585e-03  1.294630e-02
88308   84.0    6.0    0.35  351.9  132.7    0.70  1.810228e-03  1.475653e-02
89844   84.9    5.1    0.35  351.6  132.3    0.70  1.790539e-03  1.654707e-02
89845   84.9    5.1    0.35  352.3  133.0    0.70  1.785645e-03  1.833272e-02
90353   85.2    4.8    0.35  349.8  130.6    0.70  1.776439e-03  2.010916e-02
90867   85.5    4.5    0.35  350.9  131.6    0.70  1.763688e-03  2.187284e-02
89843   84.9    5.1    0.35  350.9  131.6    0.70  1.750151e-03  2.362299e-02
89846   84.9    5.1    0.35  353.0  133.7    0.70  1.732477e-03  2.535547e-02
89842   84.9    5.1    0.35  350.2  130.9    0.70  1.729035e-03  2.708451e-02
91377   85.8    4.2    0.35  349.8  130.6    0.70  1.707562e-03  2.879207e-02
90355   85.2    4.8    0.35  351.2  132.0    0.70  1.695626e-03  3.048769e-02
90356   85.2    4.8    0.35  351.9  132.7    0.70  1.691477e-03  3.217917e-02
88822   84.3    5.7    0.35  353.0  133.7    0.70  1.685945e-03  3.386511e-02
88309   84.0    6.0    0.35  352.6  133.4    0.70  1.666758e-03  3.553187e-02
88307   84.0    6.0    0.35  351.2  132.0    0.70  1.657423e-03  3.718930e-02
87798   83.7    6.3    0.35  353.0  133.7    0.70  1.653455e-03  3.884275e-02
88310   84.0    6.0    0.35  353.3  134.1    0.70  1.651593e-03  4.049434e-02
90865   85.5    4.5    0.35  349.5  130.2    0.70  1.639620e-03  4.213396e-02
88819   84.3    5.7    0.35  350.9  131.6    0.70  1.636460e-03  4.377042e-02
90357   85.2    4.8    0.35  352.6  133.4    0.70  1.633630e-03  4.540405e-02
89334   84.6    5.4    0.35  353.3  134.1    0.70  1.626268e-03  4.703032e-02
87796   83.7    6.3    0.35  351.6  132.3    0.70  1.625141e-03  4.865546e-02
87797   83.7    6.3    0.35  352.3  133.0    0.70  1.605989e-03  5.026145e-02
89330   84.6    5.4    0.35  350.5  131.3    0.70  1.605168e-03  5.186662e-02
91379   85.8    4.2    0.35  351.2  132.0    0.70  1.596152e-03  5.346277e-02
89329   84.6    5.4    0.35  349.8  130.6    0.70  1.592891e-03  5.505566e-02
91378   85.8    4.2    0.35  350.5  131.3    0.70  1.591926e-03  5.664759e-02
90868   85.5    4.5    0.35  351.6  132.3    0.70  1.575506e-03  5.822309e-02
87285   83.4    6.6    0.35  352.6  133.4    0.70  1.543970e-03  5.976706e-02
91890   86.1    3.9    0.35  350.2  130.9    0.70  1.541238e-03  6.130830e-02
88823   84.3    5.7    0.35  353.7  134.4    0.70  1.532494e-03  6.284079e-02
90869   85.5    4.5    0.35  352.3  133.0    0.70  1.502424e-03  6.434322e-02
89841   84.9    5.1    0.35  349.5  130.2    0.70  1.484225e-03  6.582744e-02
91889   86.1    3.9    0.35  349.5  130.2    0.70  1.479658e-03  6.730710e-02
91376   85.8    4.2    0.35  349.1  129.9    0.70  1.469340e-03  6.877644e-02
89335   84.6    5.4    0.35  354.0  134.8    0.70  1.447661e-03  7.022410e-02
87284   83.4    6.6    0.35  351.9  132.7    0.70  1.434544e-03  7.165865e-02
90870   85.5    4.5    0.35  353.0  133.7    0.70  1.416603e-03  7.307525e-02
87286   83.4    6.6    0.35  353.3  134.1    0.70  1.412473e-03  7.448772e-02
89847   84.9    5.1    0.35  353.7  134.4    0.70  1.408458e-03  7.589618e-02
90358   85.2    4.8    0.35  353.3  134.1    0.70  1.406341e-03  7.730252e-02
87795   83.7    6.3    0.35  350.9  131.6    0.70  1.399928e-03  7.870245e-02
91891   86.1    3.9    0.35  350.9  131.6    0.70  1.397056e-03  8.009951e-02
88306   84.0    6.0    0.35  350.5  131.3    0.70  1.379375e-03  8.147888e-02
87283   83.4    6.6    0.35  351.2  132.0    0.70  1.374729e-03  8.285361e-02
92401   86.4    3.6    0.35  349.8  130.6    0.70  1.372000e-03  8.422561e-02
86773   83.1    6.9    0.35  352.3  133.0    0.70  1.369197e-03  8.559481e-02
90352   85.2    4.8    0.35  349.1  129.9    0.70  1.360121e-03  8.695493e-02
88311   84.0    6.0    0.35  354.0  134.8    0.70  1.348223e-03  8.830315e-02
91380   85.8    4.2    0.35  351.9  132.7    0.70  1.346326e-03  8.964948e-02
88818   84.3    5.7    0.35  350.2  130.9    0.70  1.344515e-03  9.099399e-02
91888   86.1    3.9    0.35  348.8  129.5    0.70  1.342084e-03  9.233608e-02
87799   83.7    6.3    0.35  353.7  134.4    0.70  1.338134e-03  9.367421e-02
92400   86.4    3.6    0.35  349.1  129.9    0.70  1.333227e-03  9.500744e-02
91892   86.1    3.9    0.35  351.6  132.3    0.70  1.329443e-03  9.633688e-02
87288   83.4    6.6    0.35  354.7  135.5    0.70  1.321447e-03  9.765833e-02
89848   84.9    5.1    0.35  354.4  135.1    0.70  1.315652e-03  9.897398e-02
92402   86.4    3.6    0.35  350.5  131.3    0.70  1.305682e-03  1.002797e-01
86774   83.1    6.9    0.35  353.0  133.7    0.70  1.302284e-03  1.015819e-01
88824   84.3    5.7    0.35  354.4  135.1    0.70  1.297180e-03  1.028791e-01
190860  160.2  -70.2    0.35  320.8  101.6    1.67  1.289855e-03  1.041690e-01
86776   83.1    6.9    0.35  354.4  135.1    0.70  1.288924e-03  1.054579e-01
190866  160.2  -70.2    0.35  330.8  111.6    1.67  1.285937e-03  1.067438e-01
190865  160.2  -70.2    0.35  329.2  109.9    1.67  1.282672e-03  1.080265e-01
190864  160.2  -70.2    0.35  327.5  108.3    1.67  1.281406e-03  1.093079e-01
190863  160.2  -70.2    0.35  325.8  106.6    1.67  1.279592e-03  1.105875e-01
87800   83.7    6.3    0.35  354.4  135.1    0.70  1.278236e-03  1.118657e-01
190862  160.2  -70.2    0.35  324.2  104.9    1.67  1.277598e-03  1.131433e-01
190861  160.2  -70.2    0.35  322.5  103.3    1.67  1.277246e-03  1.144206e-01
190649  159.8  -69.8    0.35  329.7  110.5    1.64  1.264855e-03  1.156854e-01
88312   84.0    6.0    0.35  354.7  135.5    0.70  1.263871e-03  1.169493e-01
190652  159.8  -69.8    0.35  334.6  115.4    1.64  1.263101e-03  1.182124e-01
91381   85.8    4.2    0.35  352.6  133.4    0.70  1.261056e-03  1.194735e-01
190651  159.8  -69.8    0.35  333.0  113.8    1.64  1.256506e-03  1.207300e-01
190650  159.8  -69.8    0.35  331.4  112.1    1.64  1.248960e-03  1.219789e-01
87287   83.4    6.6    0.35  354.0  134.8    0.70  1.247473e-03  1.232264e-01
90359   85.2    4.8    0.35  354.0  134.8    0.70  1.244744e-03  1.244712e-01
191079  160.5  -70.5    0.35  332.0  112.7    1.70  1.243058e-03  1.257142e-01
190433  159.4  -69.4    0.35  336.7  117.5    1.61  1.237188e-03  1.269514e-01
190859  160.2  -70.2    0.35  319.2   99.9    1.67  1.236812e-03  1.281882e-01
86263   82.8    7.2    0.35  354.0  134.8    0.70  1.235826e-03  1.294240e-01
190432  159.4  -69.4    0.35  335.1  115.9    1.61  1.232402e-03  1.306564e-01
190869  160.2  -70.2    0.35  335.8  116.6    1.67  1.224714e-03  1.318812e-01
190868  160.2  -70.2    0.35  334.2  114.9    1.67  1.220312e-03  1.331015e-01
190867  160.2  -70.2    0.35  332.5  113.3    1.67  1.219594e-03  1.343211e-01
190209  159.1  -69.1    0.35  337.1  117.9    1.58  1.218439e-03  1.355395e-01
90864   85.5    4.5    0.35  348.8  129.5    0.70  1.215495e-03  1.367550e-01
86772   83.1    6.9    0.35  351.6  132.3    0.70  1.214927e-03  1.379699e-01
89336   84.6    5.4    0.35  354.7  135.5    0.70  1.214891e-03  1.391848e-01
190211  159.1  -69.1    0.35  340.3  121.0    1.58  1.213343e-03  1.403982e-01
88817   84.3    5.7    0.35  349.5  130.2    0.70  1.210952e-03  1.416091e-01
191282  160.9  -70.9    0.35  322.8  103.6    1.73  1.210032e-03  1.428191e-01
191281  160.9  -70.9    0.35  321.1  101.8    1.73  1.208802e-03  1.440279e-01
88825   84.3    5.7    0.35  355.1  135.8    0.70  1.204620e-03  1.452326e-01
191284  160.9  -70.9    0.35  326.2  107.0    1.73  1.204580e-03  1.464371e-01
86775   83.1    6.9    0.35  353.7  134.4    0.70  1.203762e-03  1.476409e-01
190210  159.1  -69.1    0.35  338.7  119.4    1.58  1.203518e-03  1.488444e-01
190654  159.8  -69.8    0.35  337.9  118.7    1.64  1.203247e-03  1.500477e-01
92913   86.7    3.3    0.35  349.5  130.2    0.70  1.201078e-03  1.512487e-01
191280  160.9  -70.9    0.35  319.3  100.1    1.73  1.200789e-03  1.524495e-01
191283  160.9  -70.9    0.35  324.5  105.3    1.73  1.200165e-03  1.536497e-01
190653  159.8  -69.8    0.35  336.3  117.0    1.64  1.198125e-03  1.548478e-01
191075  160.5  -70.5    0.35  325.2  106.0    1.70  1.198080e-03  1.560459e-01
191076  160.5  -70.5    0.35  326.9  107.7    1.70  1.195308e-03  1.572412e-01
191279  160.9  -70.9    0.35  317.6   98.4    1.73  1.192422e-03  1.584336e-01
191073  160.5  -70.5    0.35  321.8  102.6    1.70  1.190444e-03  1.596241e-01
191072  160.5  -70.5    0.35  320.1  100.9    1.70  1.189134e-03  1.608132e-01
191074  160.5  -70.5    0.35  323.5  104.3    1.70  1.188748e-03  1.620020e-01
190436  159.4  -69.4    0.35  341.5  122.3    1.61  1.186745e-03  1.631887e-01
191078  160.5  -70.5    0.35  330.3  111.0    1.70  1.186552e-03  1.643753e-01
191077  160.5  -70.5    0.35  328.6  109.4    1.70  1.183325e-03  1.655586e-01
190434  159.4  -69.4    0.35  338.3  119.1    1.61  1.183165e-03  1.667418e-01
191071  160.5  -70.5    0.35  318.4   99.2    1.70  1.181622e-03  1.679234e-01
189984  158.7  -68.7    0.35  342.2  122.9    1.55  1.175663e-03  1.690990e-01
190435  159.4  -69.4    0.35  339.9  120.7    1.61  1.174693e-03  1.702737e-01
189983  158.7  -68.7    0.35  340.6  121.4    1.55  1.173818e-03  1.714475e-01
190213  159.1  -69.1    0.35  343.4  124.2    1.58  1.164734e-03  1.726123e-01
190642  159.8  -69.8    0.35  318.3   99.0    1.64  1.162499e-03  1.737748e-01
190644  159.8  -69.8    0.35  321.5  102.3    1.64  1.161836e-03  1.749366e-01
190420  159.4  -69.4    0.35  315.8   96.6    1.61  1.161513e-03  1.760981e-01
190643  159.8  -69.8    0.35  319.9  100.7    1.64  1.160830e-03  1.772590e-01
190641  159.8  -69.8    0.35  316.6   97.4    1.64  1.160189e-03  1.784191e-01
86260   82.8    7.2    0.35  351.9  132.7    0.70  1.159715e-03  1.795789e-01
190645  159.8  -69.8    0.35  323.2  103.9    1.64  1.159348e-03  1.807382e-01
190646  159.8  -69.8    0.35  324.8  105.6    1.64  1.158701e-03  1.818969e-01
90360   85.2    4.8    0.35  354.7  135.5    0.70  1.158615e-03  1.830555e-01
86261   82.8    7.2    0.35  352.6  133.4    0.70  1.157406e-03  1.842129e-01
190647  159.8  -69.8    0.35  326.5  107.2    1.64  1.156708e-03  1.853696e-01
92914   86.7    3.3    0.35  350.2  130.9    0.70  1.156000e-03  1.865256e-01
190648  159.8  -69.8    0.35  328.1  108.9    1.64  1.155314e-03  1.876810e-01
92399   86.4    3.6    0.35  348.4  129.2    0.70  1.153211e-03  1.888342e-01
190427  159.4  -69.4    0.35  327.1  107.8    1.61  1.151631e-03  1.899858e-01
190212  159.1  -69.1    0.35  341.8  122.6    1.58  1.143346e-03  1.911291e-01
90871   85.5    4.5    0.35  353.7  134.4    0.70  1.142224e-03  1.922714e-01
189985  158.7  -68.7    0.35  343.7  124.5    1.55  1.139819e-03  1.934112e-01
190640  159.8  -69.8    0.35  315.0   95.8    1.64  1.138671e-03  1.945499e-01
190419  159.4  -69.4    0.35  314.2   95.0    1.61  1.136826e-03  1.956867e-01
189752  158.3  -68.3    0.35  342.5  123.2    1.53  1.136136e-03  1.968228e-01
191278  160.9  -70.9    0.35  315.9   96.6    1.73  1.135709e-03  1.979585e-01
189753  158.3  -68.3    0.35  344.0  124.7    1.53  1.132387e-03  1.990909e-01
191070  160.5  -70.5    0.35  316.7   97.5    1.70  1.127893e-03  2.002188e-01
190428  159.4  -69.4    0.35  328.7  109.4    1.61  1.125312e-03  2.013441e-01
92912   86.7    3.3    0.35  348.8  129.5    0.70  1.125048e-03  2.024692e-01
190858  160.2  -70.2    0.35  317.5   98.3    1.67  1.123845e-03  2.035930e-01
190429  159.4  -69.4    0.35  330.3  111.0    1.61  1.123539e-03  2.047165e-01
92403   86.4    3.6    0.35  351.2  132.0    0.70  1.122181e-03  2.058387e-01
189986  158.7  -68.7    0.35  345.3  126.0    1.55  1.121670e-03  2.069604e-01
191069  160.5  -70.5    0.35  315.0   95.8    1.70  1.121287e-03  2.080817e-01
190430  159.4  -69.4    0.35  331.9  112.6    1.61  1.118545e-03  2.092002e-01
91382   85.8    4.2    0.35  353.3  134.1    0.70  1.116455e-03  2.103167e-01
190857  160.2  -70.2    0.35  315.8   96.6    1.67  1.114310e-03  2.114310e-01
190856  160.2  -70.2    0.35  314.2   94.9    1.67  1.113982e-03  2.125450e-01
191068  160.5  -70.5    0.35  313.3   94.1    1.70  1.112064e-03  2.136570e-01
91375   85.8    4.2    0.35  348.4  129.2    0.70  1.106791e-03  2.147638e-01
190431  159.4  -69.4    0.35  333.5  114.2    1.61  1.106748e-03  2.158706e-01
190206  159.1  -69.1    0.35  332.4  113.1    1.58  1.105948e-03  2.169765e-01
190418  159.4  -69.4    0.35  312.6   93.4    1.61  1.102951e-03  2.180795e-01
189517  157.9  -67.9    0.35  344.2  125.0    1.50  1.102818e-03  2.191823e-01
189518  157.9  -67.9    0.35  345.7  126.5    1.50  1.102393e-03  2.202847e-01
189754  158.3  -68.3    0.35  345.5  126.3    1.53  1.101731e-03  2.213864e-01
190207  159.1  -69.1    0.35  333.9  114.7    1.58  1.100864e-03  2.224873e-01
86262   82.8    7.2    0.35  353.3  134.1    0.70  1.100393e-03  2.235877e-01
86771   83.1    6.9    0.35  350.9  131.6    0.70  1.099553e-03  2.246872e-01
190416  159.4  -69.4    0.35  309.4   90.1    1.61  1.098947e-03  2.257862e-01
87282   83.4    6.6    0.35  350.5  131.3    0.70  1.097670e-03  2.268839e-01
89328   84.6    5.4    0.35  349.1  129.9    0.70  1.095956e-03  2.279798e-01
190192  159.1  -69.1    0.35  310.3   91.0    1.58  1.092064e-03  2.290719e-01
190417  159.4  -69.4    0.35  311.0   91.7    1.61  1.091607e-03  2.301635e-01
91893   86.1    3.9    0.35  352.3  133.0    0.70  1.090632e-03  2.312541e-01
190204  159.1  -69.1    0.35  329.2  110.0    1.58  1.089879e-03  2.323440e-01
190208  159.1  -69.1    0.35  335.5  116.3    1.58  1.088855e-03  2.334328e-01
190191  159.1  -69.1    0.35  308.7   89.4    1.58  1.085547e-03  2.345184e-01
190190  159.1  -69.1    0.35  307.1   87.9    1.58  1.078709e-03  2.355971e-01
189278  157.6  -67.6    0.35  346.0  126.7    1.48  1.078652e-03  2.366758e-01
190198  159.1  -69.1    0.35  319.7  100.5    1.58  1.077143e-03  2.377529e-01
189279  157.6  -67.6    0.35  347.5  128.2    1.48  1.075477e-03  2.388284e-01
90872   85.5    4.5    0.35  354.4  135.1    0.70  1.071863e-03  2.399002e-01
87794   83.7    6.3    0.35  350.2  130.9    0.70  1.071863e-03  2.409721e-01
189961  158.7  -68.7    0.35  306.5   87.2    1.55  1.070394e-03  2.420425e-01
189982  158.7  -68.7    0.35  339.1  119.8    1.55  1.070291e-03  2.431128e-01
85751   82.5    7.5    0.35  353.7  134.4    0.70  1.069703e-03  2.441825e-01
190205  159.1  -69.1    0.35  330.8  111.6    1.58  1.067776e-03  2.452503e-01
189519  157.9  -67.9    0.35  347.2  128.0    1.50  1.066530e-03  2.463168e-01
189981  158.7  -68.7    0.35  337.5  118.3    1.55  1.065518e-03  2.473823e-01
190199  159.1  -69.1    0.35  321.3  102.1    1.58  1.065443e-03  2.484478e-01
190426  159.4  -69.4    0.35  325.4  106.2    1.61  1.065057e-03  2.495128e-01
190423  159.4  -69.4    0.35  320.6  101.4    1.61  1.064198e-03  2.505770e-01
190424  159.4  -69.4    0.35  322.2  103.0    1.61  1.063965e-03  2.516410e-01
189980  158.7  -68.7    0.35  335.9  116.7    1.55  1.063815e-03  2.527048e-01
190425  159.4  -69.4    0.35  323.8  104.6    1.61  1.060117e-03  2.537649e-01
190201  159.1  -69.1    0.35  324.5  105.2    1.58  1.059618e-03  2.548245e-01
190200  159.1  -69.1    0.35  322.9  103.7    1.58  1.059154e-03  2.558837e-01
190202  159.1  -69.1    0.35  326.1  106.8    1.58  1.058599e-03  2.569423e-01
189977  158.7  -68.7    0.35  331.3  112.1    1.55  1.056538e-03  2.579988e-01
190855  160.2  -70.2    0.35  312.5   93.3    1.67  1.056468e-03  2.590553e-01
189978  158.7  -68.7    0.35  332.8  113.6    1.55  1.056414e-03  2.601117e-01
190203  159.1  -69.1    0.35  327.6  108.4    1.58  1.056407e-03  2.611681e-01
189979  158.7  -68.7    0.35  334.4  115.2    1.55  1.055181e-03  2.622233e-01
190639  159.8  -69.8    0.35  313.4   94.1    1.64  1.054818e-03  2.632781e-01
191489  161.3  -71.3    0.35  327.4  108.1    1.76  1.053332e-03  2.643314e-01
191490  161.3  -71.3    0.35  329.1  109.9    1.76  1.051156e-03  2.653826e-01
191288  160.9  -70.9    0.35  333.2  113.9    1.73  1.049691e-03  2.664323e-01
189960  158.7  -68.7    0.35  304.9   85.7    1.55  1.049614e-03  2.674819e-01
189035  157.2  -67.2    0.35  347.7  128.4    1.45  1.047551e-03  2.685294e-01
89337   84.6    5.4    0.35  355.4  136.2    0.70  1.046912e-03  2.695764e-01
191487  161.3  -71.3    0.35  323.8  104.6    1.76  1.045459e-03  2.706218e-01
191287  160.9  -70.9    0.35  331.4  112.2    1.73  1.045114e-03  2.716669e-01
189750  158.3  -68.3    0.35  339.4  120.2    1.53  1.045043e-03  2.727120e-01
189280  157.6  -67.6    0.35  348.9  129.7    1.48  1.041781e-03  2.737538e-01
191488  161.3  -71.3    0.35  325.6  106.4    1.76  1.040858e-03  2.747946e-01
190638  159.8  -69.8    0.35  311.7   92.5    1.64  1.038547e-03  2.758332e-01
189727  158.3  -68.3    0.35  304.3   85.1    1.53  1.037906e-03  2.768711e-01
191286  160.9  -70.9    0.35  329.7  110.5    1.73  1.036112e-03  2.779072e-01
89849   84.9    5.1    0.35  355.1  135.8    0.70  1.036075e-03  2.789433e-01
191082  160.5  -70.5    0.35  337.1  117.8    1.70  1.035869e-03  2.799791e-01
189751  158.3  -68.3    0.35  340.9  121.7    1.53  1.035362e-03  2.810145e-01
191067  160.5  -70.5    0.35  311.6   92.4    1.70  1.034093e-03  2.820486e-01
88305   84.0    6.0    0.35  349.8  130.6    0.70  1.033183e-03  2.830818e-01
191285  160.9  -70.9    0.35  328.0  108.7    1.73  1.032297e-03  2.841141e-01
191081  160.5  -70.5    0.35  335.4  116.1    1.70  1.032266e-03  2.851463e-01
190422  159.4  -69.4    0.35  319.0   99.8    1.61  1.031947e-03  2.861783e-01
191486  161.3  -71.3    0.35  322.1  102.8    1.76  1.029450e-03  2.872077e-01
191066  160.5  -70.5    0.35  309.9   90.7    1.70  1.028596e-03  2.882363e-01
191485  161.3  -71.3    0.35  320.3  101.1    1.76  1.027720e-03  2.892640e-01
189747  158.3  -68.3    0.35  334.8  115.6    1.53  1.027103e-03  2.902911e-01
190197  159.1  -69.1    0.35  318.2   98.9    1.58  1.026958e-03  2.913181e-01
191080  160.5  -70.5    0.35  333.7  114.4    1.70  1.026571e-03  2.923447e-01
92404   86.4    3.6    0.35  351.9  132.7    0.70  1.026567e-03  2.933712e-01
85238   82.2    7.8    0.35  353.3  134.1    0.70  1.023080e-03  2.943943e-01
191484  161.3  -71.3    0.35  318.5   99.3    1.76  1.022480e-03  2.954168e-01
189748  158.3  -68.3    0.35  336.4  117.1    1.53  1.022360e-03  2.964392e-01
189726  158.3  -68.3    0.35  302.8   83.6    1.53  1.021984e-03  2.974611e-01
189037  157.2  -67.2    0.35  350.6  131.3    1.45  1.019504e-03  2.984806e-01
189749  158.3  -68.3    0.35  337.9  118.6    1.53  1.018789e-03  2.994994e-01
190854  160.2  -70.2    0.35  310.8   91.6    1.67  1.018411e-03  3.005178e-01
190871  160.2  -70.2    0.35  339.2  119.9    1.67  1.018344e-03  3.015362e-01
190852  160.2  -70.2    0.35  307.5   88.3    1.67  1.018273e-03  3.025545e-01
91894   86.1    3.9    0.35  353.0  133.7    0.70  1.014048e-03  3.035685e-01
188788  156.8  -66.8    0.35  349.3  130.1    1.43  1.013761e-03  3.045823e-01
191483  161.3  -71.3    0.35  316.8   97.5    1.76  1.013347e-03  3.055956e-01
190870  160.2  -70.2    0.35  337.5  118.3    1.67  1.013061e-03  3.066087e-01
190853  160.2  -70.2    0.35  309.2   89.9    1.67  1.012259e-03  3.076209e-01
190635  159.8  -69.8    0.35  306.8   87.6    1.64  1.008568e-03  3.086295e-01
191482  161.3  -71.3    0.35  315.0   95.8    1.76  1.008196e-03  3.096377e-01
190656  159.8  -69.8    0.35  341.2  121.9    1.64  1.007279e-03  3.106450e-01
189515  157.9  -67.9    0.35  341.2  122.0    1.50  1.006632e-03  3.116516e-01
189489  157.9  -67.9    0.35  302.2   83.0    1.50  1.003644e-03  3.126553e-01
190195  159.1  -69.1    0.35  315.0   95.8    1.58  1.003354e-03  3.136586e-01
190636  159.8  -69.8    0.35  308.5   89.2    1.64  1.001216e-03  3.146598e-01
190655  159.8  -69.8    0.35  339.5  120.3    1.64  1.000281e-03  3.156601e-01
190196  159.1  -69.1    0.35  316.6   97.3    1.58  9.996147e-04  3.166597e-01
188790  156.8  -66.8    0.35  352.1  132.9    1.43  9.986199e-04  3.176583e-01
189488  157.9  -67.9    0.35  300.7   81.5    1.50  9.976812e-04  3.186560e-01
189036  157.2  -67.2    0.35  349.1  129.9    1.45  9.968823e-04  3.196529e-01
85750   82.5    7.5    0.35  353.0  133.7    0.70  9.967495e-04  3.206497e-01
189516  157.9  -67.9    0.35  342.8  123.5    1.50  9.938324e-04  3.216435e-01
191277  160.9  -70.9    0.35  314.1   94.9    1.73  9.937915e-04  3.226373e-01
190421  159.4  -69.4    0.35  317.4   98.2    1.61  9.936127e-04  3.236309e-01
190415  159.4  -69.4    0.35  307.8   88.5    1.61  9.904996e-04  3.246214e-01
189514  157.9  -67.9    0.35  339.8  120.5    1.50  9.896584e-04  3.256110e-01
190437  159.4  -69.4    0.35  343.1  123.9    1.61  9.881174e-04  3.265992e-01
190634  159.8  -69.8    0.35  305.2   85.9    1.64  9.877792e-04  3.275869e-01
188537  156.4  -66.4    0.35  350.9  131.6    1.41  9.867233e-04  3.285737e-01
190413  159.4  -69.4    0.35  304.6   85.3    1.61  9.850460e-04  3.295587e-01
190637  159.8  -69.8    0.35  310.1   90.9    1.64  9.850457e-04  3.305438e-01
189513  157.9  -67.9    0.35  338.2  119.0    1.50  9.849506e-04  3.315287e-01
89840   84.9    5.1    0.35  348.8  129.5    0.70  9.846070e-04  3.325133e-01
189987  158.7  -68.7    0.35  346.8  127.6    1.55  9.836577e-04  3.334970e-01
189965  158.7  -68.7    0.35  312.7   93.4    1.55  9.807301e-04  3.344777e-01
85749   82.5    7.5    0.35  352.3  133.0    0.70  9.796500e-04  3.354574e-01
190194  159.1  -69.1    0.35  313.4   94.2    1.58  9.766101e-04  3.364340e-01
190193  159.1  -69.1    0.35  311.8   92.6    1.58  9.765204e-04  3.374105e-01
188536  156.4  -66.4    0.35  349.5  130.2    1.41  9.751645e-04  3.383856e-01
188789  156.8  -66.8    0.35  350.7  131.5    1.43  9.722729e-04  3.393579e-01
190414  159.4  -69.4    0.35  306.2   86.9    1.61  9.720673e-04  3.403300e-01
190189  159.1  -69.1    0.35  305.5   86.3    1.58  9.705180e-04  3.413005e-01
189277  157.6  -67.6    0.35  344.5  125.3    1.48  9.700485e-04  3.422706e-01
190412  159.4  -69.4    0.35  302.9   83.7    1.61  9.693196e-04  3.432399e-01
190214  159.1  -69.1    0.35  345.0  125.8    1.58  9.688736e-04  3.442087e-01
86259   82.8    7.2    0.35  351.2  132.0    0.70  9.669153e-04  3.451757e-01
92911   86.7    3.3    0.35  348.0  128.8    0.70  9.665266e-04  3.461422e-01
93424   87.0    3.0    0.35  349.1  129.9    0.70  9.664152e-04  3.471086e-01
189964  158.7  -68.7    0.35  311.1   91.9    1.55  9.650786e-04  3.480737e-01
189756  158.3  -68.3    0.35  348.6  129.3    1.53  9.638050e-04  3.490375e-01
189247  157.6  -67.6    0.35  300.2   81.0    1.48  9.632470e-04  3.500007e-01
188538  156.4  -66.4    0.35  352.3  133.0    1.41  9.588383e-04  3.509596e-01
189963  158.7  -68.7    0.35  309.6   90.3    1.55  9.587099e-04  3.519183e-01
190188  159.1  -69.1    0.35  303.9   84.7    1.58  9.585948e-04  3.528769e-01
190187  159.1  -69.1    0.35  302.4   83.1    1.58  9.559466e-04  3.538328e-01
189276  157.6  -67.6    0.35  343.0  123.8    1.48  9.558584e-04  3.547887e-01
188281  156.1  -66.1    0.35  351.0  131.8    1.38  9.499193e-04  3.557386e-01
189274  157.6  -67.6    0.35  340.1  120.8    1.48  9.492004e-04  3.566878e-01
91383   85.8    4.2    0.35  354.0  134.8    0.70  9.488025e-04  3.576366e-01
91887   86.1    3.9    0.35  348.0  128.8    0.70  9.471858e-04  3.585838e-01
189755  158.3  -68.3    0.35  347.0  127.8    1.53  9.466817e-04  3.595305e-01
90873   85.5    4.5    0.35  355.1  135.8    0.70  9.447592e-04  3.604752e-01
189034  157.2  -67.2    0.35  346.2  127.0    1.45  9.436385e-04  3.614189e-01
189730  158.3  -68.3    0.35  308.9   89.7    1.53  9.434322e-04  3.623623e-01
189521  157.9  -67.9    0.35  350.2  131.0    1.50  9.428833e-04  3.633052e-01
189959  158.7  -68.7    0.35  303.4   84.1    1.55  9.419604e-04  3.642471e-01
189275  157.6  -67.6    0.35  341.6  122.3    1.48  9.409529e-04  3.651881e-01
188283  156.1  -66.1    0.35  353.8  134.5    1.38  9.357438e-04  3.661238e-01
189033  157.2  -67.2    0.35  344.8  125.5    1.45  9.323134e-04  3.670562e-01
93425   87.0    3.0    0.35  349.8  130.6    0.70  9.309903e-04  3.679871e-01
85748   82.5    7.5    0.35  351.6  132.3    0.70  9.294783e-04  3.689166e-01
189282  157.6  -67.6    0.35  351.9  132.7    1.48  9.291859e-04  3.698458e-01
189520  157.9  -67.9    0.35  348.8  129.5    1.50  9.280310e-04  3.707738e-01
87289   83.4    6.6    0.35  355.4  136.2    0.70  9.236281e-04  3.716975e-01
93423   87.0    3.0    0.35  348.4  129.2    0.70  9.220665e-04  3.726195e-01
188022  155.7  -65.7    0.35  352.5  133.3    1.36  9.196516e-04  3.735392e-01
92915   86.7    3.3    0.35  350.9  131.6    0.70  9.179208e-04  3.744571e-01
189246  157.6  -67.6    0.35  298.8   79.5    1.48  9.177260e-04  3.753748e-01
189962  158.7  -68.7    0.35  308.0   88.8    1.55  9.173717e-04  3.762922e-01
191481  161.3  -71.3    0.35  313.2   94.0    1.76  9.157971e-04  3.772080e-01
188787  156.8  -66.8    0.35  347.9  128.6    1.43  9.104636e-04  3.781185e-01
189032  157.2  -67.2    0.35  343.3  124.1    1.45  9.103386e-04  3.790288e-01
189729  158.3  -68.3    0.35  307.4   88.1    1.53  9.097266e-04  3.799385e-01
188282  156.1  -66.1    0.35  352.4  133.2    1.38  9.089725e-04  3.808475e-01
189281  157.6  -67.6    0.35  350.4  131.2    1.48  9.073412e-04  3.817548e-01
86777   83.1    6.9    0.35  355.1  135.8    0.70  9.058849e-04  3.826607e-01
187759  155.3  -65.3    0.35  354.0  134.7    1.34  9.055088e-04  3.835662e-01
191276  160.9  -70.9    0.35  312.4   93.2    1.73  9.042077e-04  3.844704e-01
189001  157.2  -67.2    0.35  298.3   79.1    1.45  9.037915e-04  3.853742e-01
191275  160.9  -70.9    0.35  310.7   91.4    1.73  9.018682e-04  3.862761e-01
188786  156.8  -66.8    0.35  346.4  127.2    1.43  9.016096e-04  3.871777e-01
189728  158.3  -68.3    0.35  305.8   86.6    1.53  9.010432e-04  3.880788e-01
189031  157.2  -67.2    0.35  341.9  122.6    1.45  8.986203e-04  3.889774e-01
191084  160.5  -70.5    0.35  340.5  121.2    1.70  8.960292e-04  3.898734e-01
188023  155.7  -65.7    0.35  353.9  134.6    1.36  8.942885e-04  3.907677e-01
189038  157.2  -67.2    0.35  352.0  132.8    1.45  8.934069e-04  3.916611e-01
191083  160.5  -70.5    0.35  338.8  119.5    1.70  8.934027e-04  3.925545e-01
189491  157.9  -67.9    0.35  305.3   86.0    1.50  8.878035e-04  3.934423e-01
87801   83.7    6.3    0.35  355.1  135.8    0.70  8.862899e-04  3.943286e-01
189958  158.7  -68.7    0.35  301.8   82.6    1.55  8.857108e-04  3.952143e-01
90361   85.2    4.8    0.35  355.4  136.2    0.70  8.855461e-04  3.960999e-01
190873  160.2  -70.2    0.35  342.5  123.3    1.67  8.833330e-04  3.969832e-01
190411  159.4  -69.4    0.35  301.3   82.1    1.61  8.826751e-04  3.978659e-01
187758  155.3  -65.3    0.35  352.6  133.4    1.34  8.800476e-04  3.987459e-01
190658  159.8  -69.8    0.35  344.5  125.2    1.64  8.785818e-04  3.996245e-01
189725  158.3  -68.3    0.35  301.3   82.0    1.53  8.779635e-04  4.005025e-01
84726   81.9    8.1    0.35  353.0  133.7    0.70  8.767109e-04  4.013792e-01
188535  156.4  -66.4    0.35  348.0  128.8    1.41  8.766384e-04  4.022558e-01
191691  161.6  -71.6    0.35  330.3  111.1    1.80  8.759602e-04  4.031318e-01
188791  156.8  -66.8    0.35  353.6  134.3    1.43  8.751759e-04  4.040069e-01
190872  160.2  -70.2    0.35  340.8  121.6    1.67  8.750297e-04  4.048820e-01
187760  155.3  -65.3    0.35  355.3  136.1    1.34  8.742592e-04  4.057562e-01
188785  156.8  -66.8    0.35  345.0  125.8    1.43  8.740388e-04  4.066303e-01
191493  161.3  -71.3    0.35  334.4  115.2    1.76  8.737979e-04  4.075041e-01
90351   85.2    4.8    0.35  348.4  129.2    0.70  8.735745e-04  4.083776e-01
191291  160.9  -70.9    0.35  338.4  119.1    1.73  8.716076e-04  4.092493e-01
190186  159.1  -69.1    0.35  300.8   81.6    1.58  8.716034e-04  4.101209e-01
86264   82.8    7.2    0.35  354.7  135.5    0.70  8.708394e-04  4.109917e-01
191492  161.3  -71.3    0.35  332.6  113.4    1.76  8.700973e-04  4.118618e-01
188784  156.8  -66.8    0.35  343.6  124.3    1.43  8.700437e-04  4.127318e-01
191290  160.9  -70.9    0.35  336.6  117.4    1.73  8.680161e-04  4.135999e-01
190439  159.4  -69.4    0.35  346.3  127.1    1.61  8.676251e-04  4.144675e-01
190657  159.8  -69.8    0.35  342.8  123.6    1.64  8.649814e-04  4.153325e-01
191491  161.3  -71.3    0.35  330.9  111.6    1.76  8.644583e-04  4.161969e-01
189957  158.7  -68.7    0.35  300.3   81.0    1.55  8.638233e-04  4.170607e-01
189000  157.2  -67.2    0.35  296.9   77.6    1.45  8.634248e-04  4.179242e-01
91895   86.1    3.9    0.35  353.7  134.4    0.70  8.628452e-04  4.187870e-01
188751  156.8  -66.8    0.35  296.4   77.2    1.43  8.620979e-04  4.196491e-01
189490  157.9  -67.9    0.35  303.8   84.5    1.50  8.611330e-04  4.205102e-01
189724  158.3  -68.3    0.35  299.7   80.5    1.53  8.605421e-04  4.213708e-01
191274  160.9  -70.9    0.35  308.9   89.7    1.73  8.594752e-04  4.222303e-01
187493  154.9  -64.9    0.35  356.7  137.5    1.32  8.550053e-04  4.230853e-01
191289  160.9  -70.9    0.35  334.9  115.7    1.73  8.549860e-04  4.239403e-01
89850   84.9    5.1    0.35  355.8  136.5    0.70  8.548052e-04  4.247951e-01
85237   82.2    7.8    0.35  352.6  133.4    0.70  8.498813e-04  4.256449e-01
191064  160.5  -70.5    0.35  306.5   87.3    1.70  8.497576e-04  4.264947e-01
191065  160.5  -70.5    0.35  308.2   89.0    1.70  8.487683e-04  4.273435e-01
189249  157.6  -67.6    0.35  303.2   84.0    1.48  8.485532e-04  4.281920e-01
190438  159.4  -69.4    0.35  344.7  125.5    1.61  8.475151e-04  4.290395e-01
188534  156.4  -66.4    0.35  346.6  127.4    1.41  8.474742e-04  4.298870e-01
188280  156.1  -66.1    0.35  349.6  130.4    1.38  8.469239e-04  4.307339e-01
189487  157.9  -67.9    0.35  299.2   80.0    1.50  8.467089e-04  4.315806e-01
91384   85.8    4.2    0.35  354.7  135.5    0.70  8.461354e-04  4.324268e-01
92916   86.7    3.3    0.35  351.6  132.3    0.70  8.453430e-04  4.332721e-01
189956  158.7  -68.7    0.35  298.7   79.5    1.55  8.448566e-04  4.341170e-01
190851  160.2  -70.2    0.35  305.8   86.6    1.67  8.424533e-04  4.349594e-01
188539  156.4  -66.4    0.35  353.7  134.4    1.41  8.421362e-04  4.358016e-01
92405   86.4    3.6    0.35  352.6  133.4    0.70  8.419551e-04  4.366435e-01
190216  159.1  -69.1    0.35  348.2  128.9    1.58  8.363373e-04  4.374799e-01
189486  157.9  -67.9    0.35  297.8   78.5    1.50  8.347920e-04  4.383146e-01
86778   83.1    6.9    0.35  355.8  136.5    0.70  8.340006e-04  4.391486e-01
188533  156.4  -66.4    0.35  345.2  126.0    1.41  8.338323e-04  4.399825e-01
189723  158.3  -68.3    0.35  298.2   79.0    1.53  8.331811e-04  4.408157e-01
188284  156.1  -66.1    0.35  355.2  135.9    1.38  8.326916e-04  4.416484e-01
88304   84.0    6.0    0.35  349.1  129.9    0.70  8.324401e-04  4.424808e-01
189248  157.6  -67.6    0.35  301.7   82.5    1.48  8.321424e-04  4.433129e-01
189989  158.7  -68.7    0.35  349.9  130.7    1.55  8.312679e-04  4.441442e-01
190850  160.2  -70.2    0.35  304.2   84.9    1.67  8.299845e-04  4.449742e-01
85752   82.5    7.5    0.35  354.4  135.1    0.70  8.290406e-04  4.458032e-01
189245  157.6  -67.6    0.35  297.3   78.1    1.48  8.259391e-04  4.466292e-01
187492  154.9  -64.9    0.35  355.4  136.1    1.32  8.256503e-04  4.474548e-01
188021  155.7  -65.7    0.35  351.1  131.9    1.36  8.249382e-04  4.482798e-01
188025  155.7  -65.7    0.35  356.6  137.4    1.36  8.240698e-04  4.491038e-01
190633  159.8  -69.8    0.35  303.5   84.3    1.64  8.223545e-04  4.499262e-01
189003  157.2  -67.2    0.35  301.2   82.0    1.45  8.219786e-04  4.507482e-01
190215  159.1  -69.1    0.35  346.6  127.3    1.58  8.208257e-04  4.515690e-01
86258   82.8    7.2    0.35  350.5  131.3    0.70  8.174352e-04  4.523864e-01
189722  158.3  -68.3    0.35  296.7   77.5    1.53  8.166142e-04  4.532030e-01
188279  156.1  -66.1    0.35  348.2  129.0    1.38  8.165370e-04  4.540196e-01
190849  160.2  -70.2    0.35  302.5   83.3    1.67  8.149368e-04  4.548345e-01
189988  158.7  -68.7    0.35  348.4  129.1    1.55  8.133549e-04  4.556479e-01
189485  157.9  -67.9    0.35  296.2   77.0    1.50  8.129860e-04  4.564608e-01
189002  157.2  -67.2    0.35  299.8   80.5    1.45  8.096999e-04  4.572705e-01
189244  157.6  -67.6    0.35  295.8   76.6    1.48  8.095335e-04  4.580801e-01
188020  155.7  -65.7    0.35  349.8  130.5    1.36  8.091620e-04  4.588892e-01
86770   83.1    6.9    0.35  350.2  130.9    0.70  8.078187e-04  4.596971e-01
190632  159.8  -69.8    0.35  301.9   82.7    1.64  8.067986e-04  4.605039e-01
86265   82.8    7.2    0.35  355.4  136.2    0.70  8.054432e-04  4.613093e-01
85747   82.5    7.5    0.35  350.9  131.6    0.70  8.031198e-04  4.621124e-01
188999  157.2  -67.2    0.35  295.4   76.2    1.45  8.014639e-04  4.629139e-01
189757  158.3  -68.3    0.35  350.1  130.9    1.53  8.012883e-04  4.637152e-01
88313   84.0    6.0    0.35  355.4  136.2    0.70  8.011805e-04  4.645164e-01
188278  156.1  -66.1    0.35  346.8  127.6    1.38  8.002924e-04  4.653167e-01
191690  161.6  -71.6    0.35  328.5  109.3    1.80  7.987247e-04  4.661154e-01
188753  156.8  -66.8    0.35  299.3   80.1    1.43  7.934707e-04  4.669088e-01
188024  155.7  -65.7    0.35  355.2  136.0    1.36  7.925462e-04  4.677014e-01
85236   82.2    7.8    0.35  351.9  132.7    0.70  7.917737e-04  4.684932e-01
190631  159.8  -69.8    0.35  300.3   81.0    1.64  7.916205e-04  4.692848e-01
191689  161.6  -71.6    0.35  326.7  107.5    1.80  7.916185e-04  4.700764e-01
189522  157.9  -67.9    0.35  351.7  132.5    1.50  7.912989e-04  4.708677e-01
92398   86.4    3.6    0.35  347.7  128.5    0.70  7.904244e-04  4.716581e-01
93422   87.0    3.0    0.35  347.7  128.5    0.70  7.886410e-04  4.724468e-01
189972  158.7  -68.7    0.35  323.5  104.3    1.55  7.876785e-04  4.732344e-01
191883  162.0  -72.0    0.35  322.3  103.1    1.84  7.872844e-04  4.740217e-01
191688  161.6  -71.6    0.35  324.9  105.7    1.80  7.870942e-04  4.748088e-01
189484  157.9  -67.9    0.35  294.8   75.5    1.50  7.842935e-04  4.755931e-01
187221  154.6  -64.6    0.35  356.7  137.5    1.30  7.837510e-04  4.763769e-01
190410  159.4  -69.4    0.35  299.7   80.5    1.61  7.799555e-04  4.771568e-01
191882  162.0  -72.0    0.35  320.5  101.3    1.84  7.791285e-04  4.779360e-01
87281   83.4    6.6    0.35  349.8  130.6    0.70  7.789192e-04  4.787149e-01
189283  157.6  -67.6    0.35  353.4  134.1    1.48  7.784773e-04  4.794934e-01
90863   85.5    4.5    0.35  348.0  128.8    0.70  7.781106e-04  4.802715e-01
187761  155.3  -65.3    0.35  356.6  137.4    1.34  7.772061e-04  4.810487e-01
93426   87.0    3.0    0.35  350.5  131.3    0.70  7.771656e-04  4.818258e-01
189973  158.7  -68.7    0.35  325.1  105.9    1.55  7.768230e-04  4.826027e-01
189975  158.7  -68.7    0.35  328.2  109.0    1.55  7.763045e-04  4.833790e-01
187494  154.9  -64.9    0.35  358.0  138.8    1.32  7.758376e-04  4.841548e-01
190185  159.1  -69.1    0.35  299.2   80.0    1.58  7.757323e-04  4.849305e-01
191686  161.6  -71.6    0.35  321.3  102.1    1.80  7.752615e-04  4.857058e-01
189974  158.7  -68.7    0.35  326.6  107.4    1.55  7.742849e-04  4.864801e-01
187491  154.9  -64.9    0.35  354.0  134.8    1.32  7.738179e-04  4.872539e-01
191687  161.6  -71.6    0.35  323.1  103.9    1.80  7.737980e-04  4.880277e-01
188019  155.7  -65.7    0.35  348.4  129.2    1.36  7.728687e-04  4.888006e-01
189976  158.7  -68.7    0.35  329.7  110.5    1.55  7.693125e-04  4.895699e-01
189243  157.6  -67.6    0.35  294.3   75.1    1.48  7.691191e-04  4.903390e-01
186946  154.2  -64.2    0.35  358.1  138.8    1.29  7.686595e-04  4.911077e-01
191685  161.6  -71.6    0.35  319.5  100.3    1.80  7.670901e-04  4.918747e-01
85753   82.5    7.5    0.35  355.1  135.8    0.70  7.667739e-04  4.926415e-01
188750  156.8  -66.8    0.35  295.0   75.8    1.43  7.667269e-04  4.934082e-01
90874   85.5    4.5    0.35  355.8  136.5    0.70  7.646236e-04  4.941729e-01
190184  159.1  -69.1    0.35  297.6   78.4    1.58  7.641825e-04  4.949370e-01
191684  161.6  -71.6    0.35  317.7   98.5    1.80  7.623329e-04  4.956994e-01
187757  155.3  -65.3    0.35  351.3  132.0    1.34  7.620621e-04  4.964614e-01
188998  157.2  -67.2    0.35  294.0   74.7    1.45  7.613761e-04  4.972228e-01
91385   85.8    4.2    0.35  355.4  136.2    0.70  7.608598e-04  4.979837e-01
92917   86.7    3.3    0.35  352.3  133.0    0.70  7.608303e-04  4.987445e-01
93936   87.3    2.7    0.35  348.8  129.5    0.70  7.603298e-04  4.995048e-01
189955  158.7  -68.7    0.35  297.2   77.9    1.55  7.584038e-04  5.002632e-01
189743  158.3  -68.3    0.35  328.7  109.5    1.53  7.571840e-04  5.010204e-01
188497  156.4  -66.4    0.35  294.6   75.4    1.41  7.559720e-04  5.017764e-01
188240  156.1  -66.1    0.35  294.2   75.0    1.38  7.547672e-04  5.025312e-01
187220  154.6  -64.6    0.35  355.4  136.2    1.30  7.546199e-04  5.032858e-01
189744  158.3  -68.3    0.35  330.3  111.0    1.53  7.525794e-04  5.040384e-01
191683  161.6  -71.6    0.35  315.9   96.7    1.80  7.521170e-04  5.047905e-01
189746  158.3  -68.3    0.35  333.3  114.1    1.53  7.518338e-04  5.055423e-01
85239   82.2    7.8    0.35  354.0  134.8    0.70  7.500745e-04  5.062924e-01
187756  155.3  -65.3    0.35  349.9  130.7    1.34  7.472032e-04  5.070396e-01
189745  158.3  -68.3    0.35  331.8  112.5    1.53  7.468872e-04  5.077865e-01
191682  161.6  -71.6    0.35  314.1   94.9    1.80  7.465230e-04  5.085330e-01
189039  157.2  -67.2    0.35  353.5  134.2    1.45  7.449571e-04  5.092780e-01
189969  158.7  -68.7    0.35  318.9   99.6    1.55  7.447578e-04  5.100227e-01
189971  158.7  -68.7    0.35  322.0  102.7    1.55  7.443368e-04  5.107671e-01
189970  158.7  -68.7    0.35  320.4  101.2    1.55  7.436842e-04  5.115107e-01
188997  157.2  -67.2    0.35  292.5   73.3    1.45  7.424093e-04  5.122532e-01
188239  156.1  -66.1    0.35  292.8   73.6    1.38  7.402995e-04  5.129935e-01
186945  154.2  -64.2    0.35  356.8  137.6    1.29  7.375383e-04  5.137310e-01
188792  156.8  -66.8    0.35  355.0  135.8    1.43  7.373611e-04  5.144683e-01
187490  154.9  -64.9    0.35  352.7  133.5    1.32  7.365694e-04  5.152049e-01
187222  154.6  -64.6    0.35  358.0  138.8    1.30  7.363492e-04  5.159413e-01
191681  161.6  -71.6    0.35  312.3   93.1    1.80  7.357614e-04  5.166770e-01
93935   87.3    2.7    0.35  348.0  128.8    0.70  7.346976e-04  5.174117e-01
88816   84.3    5.7    0.35  348.8  129.5    0.70  7.344452e-04  5.181462e-01
188749  156.8  -66.8    0.35  293.6   74.3    1.43  7.333704e-04  5.188795e-01
188541  156.4  -66.4    0.35  356.5  137.3    1.41  7.331654e-04  5.196127e-01
88826   84.3    5.7    0.35  355.8  136.5    0.70  7.322748e-04  5.203450e-01
187978  155.7  -65.7    0.35  292.5   73.3    1.36  7.315236e-04  5.210765e-01
188748  156.8  -66.8    0.35  292.1   72.9    1.43  7.310588e-04  5.218076e-01
189510  157.9  -67.9    0.35  333.8  114.5    1.50  7.307160e-04  5.225383e-01
188752  156.8  -66.8    0.35  297.9   78.6    1.43  7.281748e-04  5.232665e-01
91896   86.1    3.9    0.35  354.4  135.1    0.70  7.281664e-04  5.239946e-01
87793   83.7    6.3    0.35  349.5  130.2    0.70  7.279734e-04  5.247226e-01
189511  157.9  -67.9    0.35  335.2  116.0    1.50  7.270930e-04  5.254497e-01
187489  154.9  -64.9    0.35  351.4  132.2    1.32  7.267223e-04  5.261764e-01
93937   87.3    2.7    0.35  349.5  130.2    0.70  7.254488e-04  5.269019e-01
189512  157.9  -67.9    0.35  336.8  117.5    1.50  7.251400e-04  5.276270e-01
188496  156.4  -66.4    0.35  293.2   74.0    1.41  7.240057e-04  5.283510e-01
191480  161.3  -71.3    0.35  311.5   92.2    1.76  7.230501e-04  5.290741e-01
187219  154.6  -64.6    0.35  354.1  134.9    1.30  7.195816e-04  5.297936e-01
85240   82.2    7.8    0.35  354.7  135.5    0.70  7.191343e-04  5.305128e-01
186947  154.2  -64.2    0.35  359.4  140.1    1.29  7.178538e-04  5.312306e-01
92406   86.4    3.6    0.35  353.3  134.1    0.70  7.177470e-04  5.319484e-01
191479  161.3  -71.3    0.35  309.7   90.5    1.76  7.174354e-04  5.326658e-01
186944  154.2  -64.2    0.35  355.5  136.3    1.29  7.156713e-04  5.333815e-01
188499  156.4  -66.4    0.35  297.4   78.2    1.41  7.137442e-04  5.340952e-01
187713  155.3  -65.3    0.35  292.2   72.9    1.34  7.130497e-04  5.348083e-01
187488  154.9  -64.9    0.35  350.1  130.8    1.32  7.129614e-04  5.355212e-01
191478  161.3  -71.3    0.35  307.9   88.7    1.76  7.091340e-04  5.362304e-01
188540  156.4  -66.4    0.35  355.1  135.8    1.41  7.091031e-04  5.369395e-01
85235   82.2    7.8    0.35  351.2  132.0    0.70  7.090618e-04  5.376485e-01
188498  156.4  -66.4    0.35  296.0   76.8    1.41  7.087964e-04  5.383573e-01
191273  160.9  -70.9    0.35  307.2   88.0    1.73  7.029878e-04  5.390603e-01
186665  153.8  -63.8    0.35  356.8  137.6    1.27  7.021792e-04  5.397625e-01
188241  156.1  -66.1    0.35  295.6   76.4    1.38  7.021399e-04  5.404646e-01
189954  158.7  -68.7    0.35  295.6   76.4    1.55  7.015542e-04  5.411662e-01
189273  157.6  -67.6    0.35  338.6  119.4    1.48  7.011556e-04  5.418673e-01
189271  157.6  -67.6    0.35  335.7  116.4    1.48  7.005013e-04  5.425678e-01
187980  155.7  -65.7    0.35  295.2   76.0    1.36  6.988182e-04  5.432667e-01
189272  157.6  -67.6    0.35  337.1  117.9    1.48  6.961172e-04  5.439628e-01
188285  156.1  -66.1    0.35  356.5  137.3    1.38  6.942747e-04  5.446571e-01
187218  154.6  -64.6    0.35  352.8  133.6    1.30  6.937966e-04  5.453509e-01
84725   81.9    8.1    0.35  352.3  133.0    0.70  6.905977e-04  5.460415e-01
191272  160.9  -70.9    0.35  305.5   86.2    1.73  6.903384e-04  5.467318e-01
189721  158.3  -68.3    0.35  295.2   75.9    1.53  6.886290e-04  5.474204e-01
188495  156.4  -66.4    0.35  291.8   72.6    1.41  6.876698e-04  5.481081e-01
186666  153.8  -63.8    0.35  358.1  138.9    1.27  6.869010e-04  5.487950e-01
188026  155.7  -65.7    0.35  358.0  138.7    1.36  6.864311e-04  5.494814e-01
186382  153.4  -63.4    0.35  358.1  138.9    1.25  6.858201e-04  5.501672e-01
186943  154.2  -64.2    0.35  354.2  135.0    1.29  6.825123e-04  5.508498e-01
188238  156.1  -66.1    0.35  291.5   72.2    1.38  6.815662e-04  5.515313e-01
90362   85.2    4.8    0.35  356.1  136.9    0.70  6.815657e-04  5.522129e-01
89338   84.6    5.4    0.35  356.1  136.9    0.70  6.815274e-04  5.528944e-01
191063  160.5  -70.5    0.35  304.8   85.6    1.70  6.813059e-04  5.535757e-01
186667  153.8  -63.8    0.35  359.4  140.1    1.27  6.787454e-04  5.542545e-01
189968  158.7  -68.7    0.35  317.3   98.1    1.55  6.781424e-04  5.549326e-01
189966  158.7  -68.7    0.35  314.2   95.0    1.55  6.773202e-04  5.556099e-01
187979  155.7  -65.7    0.35  293.9   74.6    1.36  6.764329e-04  5.562864e-01
187712  155.3  -65.3    0.35  290.8   71.6    1.34  6.761142e-04  5.569625e-01
187217  154.6  -64.6    0.35  351.5  132.3    1.30  6.748197e-04  5.576373e-01
186383  153.4  -63.4    0.35  359.4  140.1    1.25  6.748123e-04  5.583121e-01
186096  153.4  -63.4    0.35    0.6  141.4    1.25  6.730063e-04  5.589851e-01
189733  158.3  -68.3    0.35  313.5   94.2    1.53  6.724979e-04  5.596576e-01
189732  158.3  -68.3    0.35  311.9   92.7    1.53  6.718528e-04  5.603295e-01
189731  158.3  -68.3    0.35  310.4   91.2    1.53  6.714071e-04  5.610009e-01
189720  158.3  -68.3    0.35  293.6   74.4    1.53  6.692517e-04  5.616701e-01
189967  158.7  -68.7    0.35  315.8   96.5    1.55  6.681184e-04  5.623382e-01
187443  154.9  -64.9    0.35  290.5   71.3    1.32  6.680681e-04  5.630063e-01
186942  154.2  -64.2    0.35  352.9  133.7    1.29  6.664665e-04  5.636728e-01
186664  153.8  -63.8    0.35  355.6  136.3    1.27  6.663465e-04  5.643391e-01
92407   86.4    3.6    0.35  354.0  134.8    0.70  6.660124e-04  5.650051e-01
191062  160.5  -70.5    0.35  303.1   83.9    1.70  6.657777e-04  5.656709e-01
189483  157.9  -67.9    0.35  293.3   74.0    1.50  6.638886e-04  5.663348e-01
189029  157.2  -67.2    0.35  339.0  119.7    1.45  6.638632e-04  5.669987e-01
186381  153.4  -63.4    0.35  356.9  137.6    1.25  6.637973e-04  5.676625e-01
187977  155.7  -65.7    0.35  291.1   71.9    1.36  6.633662e-04  5.683258e-01
189030  157.2  -67.2    0.35  340.4  121.2    1.45  6.625231e-04  5.689884e-01
189734  158.3  -68.3    0.35  315.0   95.8    1.53  6.613777e-04  5.696497e-01
93427   87.0    3.0    0.35  351.2  132.0    0.70  6.591994e-04  5.703089e-01
187714  155.3  -65.3    0.35  293.5   74.3    1.34  6.585944e-04  5.709675e-01
189494  157.9  -67.9    0.35  309.8   90.5    1.50  6.580010e-04  5.716255e-01
93938   87.3    2.7    0.35  350.2  130.9    0.70  6.575861e-04  5.722831e-01
84727   81.9    8.1    0.35  353.7  134.4    0.70  6.571579e-04  5.729403e-01
91897   86.1    3.9    0.35  355.1  135.8    0.70  6.562772e-04  5.735965e-01
191061  160.5  -70.5    0.35  301.4   82.2    1.70  6.561935e-04  5.742527e-01
189493  157.9  -67.9    0.35  308.2   89.0    1.50  6.547490e-04  5.749075e-01
189242  157.6  -67.6    0.35  292.9   73.6    1.48  6.527447e-04  5.755602e-01
190848  160.2  -70.2    0.35  300.8   81.6    1.67  6.511191e-04  5.762114e-01
189492  157.9  -67.9    0.35  306.8   87.5    1.50  6.502594e-04  5.768616e-01
91386   85.8    4.2    0.35  356.1  136.9    0.70  6.495051e-04  5.775111e-01
91374   85.8    4.2    0.35  347.7  128.5    0.70  6.491642e-04  5.781603e-01
84728   81.9    8.1    0.35  354.4  135.1    0.70  6.489571e-04  5.788092e-01
189251  157.6  -67.6    0.35  306.1   86.9    1.48  6.466899e-04  5.794559e-01
187762  155.3  -65.3    0.35  358.0  138.8    1.34  6.466624e-04  5.801026e-01
187976  155.7  -65.7    0.35  289.8   70.5    1.36  6.461506e-04  5.807487e-01
186663  153.8  -63.8    0.35  354.3  135.1    1.27  6.456893e-04  5.813944e-01
187445  154.9  -64.9    0.35  293.2   73.9    1.32  6.454209e-04  5.820398e-01
92910   86.7    3.3    0.35  347.3  128.1    0.70  6.426757e-04  5.826825e-01
191695  161.6  -71.6    0.35  337.5  118.3    1.80  6.417242e-04  5.833242e-01
190847  160.2  -70.2    0.35  299.2   79.9    1.67  6.402502e-04  5.839645e-01
187495  154.9  -64.9    0.35  359.3  140.1    1.32  6.399305e-04  5.846044e-01
188783  156.8  -66.8    0.35  342.1  122.9    1.43  6.388332e-04  5.852433e-01
188494  156.4  -66.4    0.35  290.4   71.2    1.41  6.388025e-04  5.858821e-01
187444  154.9  -64.9    0.35  291.8   72.6    1.32  6.379051e-04  5.865200e-01
190630  159.8  -69.8    0.35  298.6   79.4    1.64  6.376891e-04  5.871577e-01
89327   84.6    5.4    0.35  348.4  129.2    0.70  6.374307e-04  5.877951e-01
186380  153.4  -63.4    0.35  355.6  136.4    1.25  6.371253e-04  5.884322e-01
191496  161.3  -71.3    0.35  339.7  120.5    1.76  6.369310e-04  5.890691e-01
189250  157.6  -67.6    0.35  304.7   85.4    1.48  6.355942e-04  5.897047e-01
186095  153.1  -63.1    0.35  359.4  140.1    1.23  6.352965e-04  5.903400e-01
187711  155.3  -65.3    0.35  289.5   70.2    1.34  6.342949e-04  5.909743e-01
191888  162.0  -72.0    0.35  331.5  112.3    1.84  6.334563e-04  5.916078e-01
189241  157.6  -67.6    0.35  291.4   72.2    1.48  6.331478e-04  5.922409e-01
188782  156.8  -66.8    0.35  340.7  121.5    1.43  6.331013e-04  5.928740e-01
191694  161.6  -71.6    0.35  335.7  116.5    1.80  6.327655e-04  5.935068e-01
191889  162.0  -72.0    0.35  333.4  114.1    1.84  6.321873e-04  5.941390e-01
187171  154.6  -64.6    0.35  291.5   72.3    1.30  6.313170e-04  5.947703e-01
188237  156.1  -66.1    0.35  290.1   70.8    1.38  6.310089e-04  5.954013e-01
185804  153.1  -63.1    0.35    0.6  141.4    1.23  6.294489e-04  5.960308e-01
191693  161.6  -71.6    0.35  333.9  114.7    1.80  6.293432e-04  5.966601e-01
189005  157.2  -67.2    0.35  304.1   84.9    1.45  6.291735e-04  5.972893e-01
186662  153.8  -63.8    0.35  353.0  133.8    1.27  6.289762e-04  5.979183e-01
191293  160.9  -70.9    0.35  341.8  122.6    1.73  6.279232e-04  5.985462e-01
187442  154.9  -64.9    0.35  289.2   70.0    1.32  6.278287e-04  5.991740e-01
89851   84.9    5.1    0.35  356.5  137.3    0.70  6.265969e-04  5.998006e-01
191086  160.5  -70.5    0.35  343.9  124.6    1.70  6.254158e-04  6.004260e-01
190409  159.4  -69.4    0.35  298.1   78.9    1.61  6.249344e-04  6.010510e-01
191495  161.3  -71.3    0.35  337.9  118.7    1.76  6.247011e-04  6.016757e-01
91898   86.1    3.9    0.35  355.8  136.5    0.70  6.246847e-04  6.023003e-01
188996  157.2  -67.2    0.35  291.0   71.8    1.45  6.241951e-04  6.029245e-01
192078  162.4  -72.4    0.35  327.2  108.0    1.88  6.239832e-04  6.035485e-01
185509  152.7  -62.7    0.35    1.8  142.6    1.22  6.226149e-04  6.041711e-01
186093  153.1  -63.1    0.35  356.9  137.7    1.23  6.223862e-04  6.047935e-01
190875  160.2  -70.2    0.35  345.8  126.6    1.67  6.221162e-04  6.054156e-01
191887  162.0  -72.0    0.35  329.7  110.5    1.84  6.216423e-04  6.060373e-01
191692  161.6  -71.6    0.35  332.1  112.9    1.80  6.212301e-04  6.066585e-01
191085  160.5  -70.5    0.35  342.2  122.9    1.70  6.194057e-04  6.072779e-01
192077  162.4  -72.4    0.35  325.3  106.1    1.88  6.187268e-04  6.078966e-01
185803  152.7  -62.7    0.35  359.4  140.2    1.22  6.186405e-04  6.085153e-01
185508  152.7  -62.7    0.35    0.6  141.4    1.22  6.182818e-04  6.091336e-01
191494  161.3  -71.3    0.35  336.2  116.9    1.76  6.182726e-04  6.097518e-01
190660  159.8  -69.8    0.35  347.7  128.5    1.64  6.182673e-04  6.103701e-01
187170  154.6  -64.6    0.35  290.2   71.0    1.30  6.163339e-04  6.109864e-01
191886  162.0  -72.0    0.35  327.9  108.6    1.84  6.155908e-04  6.116020e-01
191292  160.9  -70.9    0.35  340.1  120.9    1.73  6.148115e-04  6.122168e-01
188747  156.8  -66.8    0.35  290.7   71.5    1.43  6.134149e-04  6.128303e-01
186094  153.1  -63.1    0.35  358.2  138.9    1.23  6.132741e-04  6.134435e-01
192076  162.4  -72.4    0.35  323.4  104.2    1.88  6.131029e-04  6.140566e-01
190874  160.2  -70.2    0.35  344.2  124.9    1.67  6.117276e-04  6.146684e-01
84724   81.9    8.1    0.35  351.6  132.3    0.70  6.116535e-04  6.152800e-01
190408  159.4  -69.4    0.35  296.5   77.3    1.61  6.115588e-04  6.158916e-01
188531  156.4  -66.4    0.35  342.4  123.2    1.41  6.111718e-04  6.165027e-01
188532  156.4  -66.4    0.35  343.8  124.6    1.41  6.110838e-04  6.171138e-01
187223  154.6  -64.6    0.35  359.3  140.1    1.30  6.105995e-04  6.177244e-01
191884  162.0  -72.0    0.35  324.2  104.9    1.84  6.069758e-04  6.183314e-01
186379  153.4  -63.4    0.35  354.4  135.1    1.25  6.069627e-04  6.189384e-01
190659  159.8  -69.8    0.35  346.1  126.9    1.64  6.069474e-04  6.195453e-01
191885  162.0  -72.0    0.35  326.0  106.8    1.84  6.067446e-04  6.201521e-01
186668  154.2  -64.2    0.35    0.6  141.4    1.29  6.065380e-04  6.207586e-01
87290   83.4    6.6    0.35  356.1  136.9    0.70  6.059638e-04  6.213646e-01
189004  157.2  -67.2    0.35  302.7   83.4    1.45  6.030461e-04  6.219676e-01
187975  155.7  -65.7    0.35  288.4   69.2    1.36  6.019910e-04  6.225696e-01
188755  156.8  -66.8    0.35  302.1   82.9    1.43  6.016415e-04  6.231712e-01
190441  159.4  -69.4    0.35  349.6  130.3    1.61  6.011173e-04  6.237724e-01
185209  152.3  -62.3    0.35    1.8  142.6    1.20  5.996909e-04  6.243720e-01
192075  162.4  -72.4    0.35  321.6  102.3    1.88  5.985051e-04  6.249706e-01
93934   87.3    2.7    0.35  347.3  128.1    0.70  5.984570e-04  6.255690e-01
192074  162.4  -72.4    0.35  319.7  100.5    1.88  5.970922e-04  6.261661e-01
90875   85.5    4.5    0.35  356.5  137.3    0.70  5.967526e-04  6.267629e-01
184906  151.9  -61.9    0.35    3.0  143.7    1.18  5.966238e-04  6.273595e-01
190440  159.4  -69.4    0.35  347.9  128.7    1.61  5.963625e-04  6.279558e-01
187710  155.3  -65.3    0.35  288.1   68.9    1.34  5.910352e-04  6.285469e-01
188277  156.1  -66.1    0.35  345.5  126.2    1.38  5.891467e-04  6.291360e-01
185208  152.3  -62.3    0.35    0.6  141.4    1.20  5.882165e-04  6.297242e-01
185802  152.7  -62.7    0.35  358.2  138.9    1.22  5.875594e-04  6.303118e-01
93428   87.0    3.0    0.35  351.9  132.7    0.70  5.872501e-04  6.308990e-01
191881  162.0  -72.0    0.35  318.7   99.4    1.84  5.869839e-04  6.314860e-01
192073  162.4  -72.4    0.35  317.8   98.6    1.88  5.862773e-04  6.320723e-01
94447   87.6    2.4    0.35  348.4  129.2    0.70  5.853790e-04  6.326577e-01
188746  156.8  -66.8    0.35  289.3   70.1    1.43  5.842290e-04  6.332419e-01
188276  156.1  -66.1    0.35  344.1  124.8    1.38  5.840777e-04  6.338260e-01
190217  159.1  -69.1    0.35  349.7  130.5    1.58  5.837919e-04  6.344098e-01
184905  151.9  -61.9    0.35    1.8  142.5    1.18  5.833686e-04  6.349932e-01
186092  153.1  -63.1    0.35  355.7  136.5    1.23  5.829456e-04  6.355761e-01
192072  162.4  -72.4    0.35  315.9   96.7    1.88  5.826171e-04  6.361587e-01
187441  154.9  -64.9    0.35  287.9   68.6    1.32  5.812632e-04  6.367400e-01
191880  162.0  -72.0    0.35  316.8   97.6    1.84  5.812470e-04  6.373212e-01
185801  152.7  -62.7    0.35  357.0  137.7    1.22  5.798605e-04  6.379011e-01
92918   86.7    3.3    0.35  353.0  133.7    0.70  5.794679e-04  6.384806e-01
87802   83.7    6.3    0.35  355.8  136.5    0.70  5.785072e-04  6.390591e-01
189990  158.7  -68.7    0.35  351.5  132.2    1.55  5.775391e-04  6.396366e-01
186384  153.8  -63.8    0.35    0.6  141.4    1.27  5.756232e-04  6.402122e-01
85746   82.5    7.5    0.35  350.2  130.9    0.70  5.755821e-04  6.407878e-01
185507  152.3  -62.3    0.35  359.4  140.2    1.20  5.749304e-04  6.413627e-01
186097  153.4  -63.4    0.35    1.9  142.6    1.25  5.748982e-04  6.419376e-01
189759  158.3  -68.3    0.35  353.1  133.9    1.53  5.740380e-04  6.425117e-01
191879  162.0  -72.0    0.35  315.0   95.8    1.84  5.738551e-04  6.430855e-01
94446   87.6    2.4    0.35  347.7  128.5    0.70  5.735877e-04  6.436591e-01
187168  154.6  -64.6    0.35  287.6   68.4    1.30  5.730058e-04  6.442321e-01
85234   82.2    7.8    0.35  350.5  131.3    0.70  5.728478e-04  6.448050e-01
186091  153.1  -63.1    0.35  354.5  135.2    1.23  5.710691e-04  6.453760e-01
185506  152.3  -62.3    0.35  358.2  139.0    1.20  5.689365e-04  6.459450e-01
190183  159.1  -69.1    0.35  296.1   76.8    1.58  5.685315e-04  6.465135e-01
186893  154.2  -64.2    0.35  289.9   70.7    1.29  5.681061e-04  6.470816e-01
84215   81.6    8.4    0.35  354.0  134.8    0.70  5.674006e-04  6.476490e-01
191878  162.0  -72.0    0.35  313.2   93.9    1.84  5.658465e-04  6.482149e-01
184904  151.9  -61.9    0.35    0.6  141.4    1.18  5.636440e-04  6.487785e-01
84214   81.6    8.4    0.35  353.3  134.1    0.70  5.634708e-04  6.493420e-01
188493  156.4  -66.4    0.35  289.0   69.8    1.41  5.617366e-04  6.499037e-01
187169  154.6  -64.6    0.35  288.9   69.7    1.30  5.609285e-04  6.504646e-01
188236  156.1  -66.1    0.35  288.7   69.5    1.38  5.608103e-04  6.510255e-01
184598  151.6  -61.6    0.35    2.9  143.7    1.17  5.607225e-04  6.515862e-01
191877  162.0  -72.0    0.35  311.3   92.1    1.84  5.593912e-04  6.521456e-01
186891  154.2  -64.2    0.35  287.4   68.1    1.29  5.582126e-04  6.527038e-01
189758  158.3  -68.3    0.35  351.6  132.4    1.53  5.550223e-04  6.532588e-01
184287  151.2  -61.2    0.35    4.0  144.8    1.15  5.544515e-04  6.538133e-01
191680  161.6  -71.6    0.35  310.5   91.3    1.80  5.519927e-04  6.543652e-01
86257   82.8    7.2    0.35  349.8  130.6    0.70  5.508293e-04  6.549161e-01
186892  154.2  -64.2    0.35  288.6   69.4    1.29  5.500664e-04  6.554661e-01
185800  152.7  -62.7    0.35  355.7  136.5    1.22  5.493273e-04  6.560155e-01
191876  162.0  -72.0    0.35  309.5   90.3    1.84  5.478355e-04  6.565633e-01
190182  159.1  -69.1    0.35  294.5   75.2    1.58  5.477951e-04  6.571111e-01
191679  161.6  -71.6    0.35  308.7   89.5    1.80  5.457196e-04  6.576568e-01
92408   86.4    3.6    0.35  354.7  135.5    0.70  5.445413e-04  6.582014e-01
189523  157.9  -67.9    0.35  353.2  134.0    1.50  5.442899e-04  6.587457e-01
184597  151.6  -61.6    0.35    1.8  142.5    1.17  5.442795e-04  6.592899e-01
93421   87.0    3.0    0.35  347.0  127.8    0.70  5.440292e-04  6.598340e-01
185207  151.9  -61.9    0.35  359.4  140.2    1.18  5.429229e-04  6.603769e-01
94448   87.6    2.4    0.35  349.1  129.9    0.70  5.413849e-04  6.609183e-01
188235  156.1  -66.1    0.35  287.3   68.1    1.38  5.408172e-04  6.614591e-01
189284  157.6  -67.6    0.35  354.8  135.6    1.48  5.404757e-04  6.619996e-01
187440  154.9  -64.9    0.35  286.5   67.3    1.32  5.401982e-04  6.625398e-01
84212   81.6    8.4    0.35  351.9  132.7    0.70  5.400764e-04  6.630798e-01
89839   84.9    5.1    0.35  348.0  128.8    0.70  5.398035e-04  6.636196e-01
185805  153.1  -63.1    0.35    1.8  142.6    1.23  5.392839e-04  6.641589e-01
184286  151.2  -61.2    0.35    2.9  143.7    1.15  5.389998e-04  6.646979e-01
189041  157.2  -67.2    0.35  356.4  137.1    1.45  5.382823e-04  6.652362e-01
88314   84.0    6.0    0.35  356.1  136.9    0.70  5.379127e-04  6.657741e-01
186612  153.8  -63.8    0.35  289.6   70.4    1.27  5.371807e-04  6.663113e-01
189953  158.7  -68.7    0.35  294.1   74.8    1.55  5.339599e-04  6.668453e-01
184596  151.6  -61.6    0.35    0.6  141.4    1.17  5.326078e-04  6.673779e-01
186327  153.4  -63.4    0.35  289.4   70.1    1.25  5.314408e-04  6.679093e-01
92919   86.7    3.3    0.35  353.7  134.4    0.70  5.313214e-04  6.684406e-01
185206  151.9  -61.9    0.35  358.2  139.0    1.18  5.304965e-04  6.689711e-01
187167  154.6  -64.6    0.35  286.3   67.1    1.30  5.304888e-04  6.695016e-01
91899   86.1    3.9    0.35  356.5  137.3    0.70  5.298832e-04  6.700315e-01
187974  155.7  -65.7    0.35  287.0   67.8    1.36  5.297628e-04  6.705613e-01
191678  161.6  -71.6    0.35  306.9   87.7    1.80  5.287214e-04  6.710900e-01
93939   87.3    2.7    0.35  350.9  131.6    0.70  5.282345e-04  6.716182e-01
186611  153.8  -63.8    0.35  288.4   69.1    1.27  5.276281e-04  6.721458e-01
87280   83.4    6.6    0.35  349.1  129.9    0.70  5.249681e-04  6.726708e-01
184285  151.2  -61.2    0.35    1.7  142.5    1.15  5.241144e-04  6.731949e-01
189040  157.2  -67.2    0.35  354.9  135.7    1.45  5.219349e-04  6.737169e-01
187709  155.3  -65.3    0.35  286.8   67.6    1.34  5.218301e-04  6.742387e-01
186609  153.8  -63.8    0.35  285.8   66.6    1.27  5.215057e-04  6.747602e-01
87792   83.7    6.3    0.35  348.8  129.5    0.70  5.201947e-04  6.752804e-01
188018  155.7  -65.7    0.35  347.0  127.8    1.36  5.201188e-04  6.758005e-01
183971  150.8  -60.8    0.35    4.0  144.8    1.14  5.193344e-04  6.763198e-01
183652  150.4  -60.4    0.35    5.1  145.8    1.12  5.183451e-04  6.768382e-01
91886   86.1    3.9    0.35  347.3  128.1    0.70  5.181893e-04  6.773564e-01
191477  161.3  -71.3    0.35  306.2   86.9    1.76  5.181053e-04  6.778745e-01
86769   83.1    6.9    0.35  349.5  130.2    0.70  5.178133e-04  6.783923e-01
184903  151.6  -61.6    0.35  359.4  140.2    1.17  5.172463e-04  6.789095e-01
185505  152.3  -62.3    0.35  357.0  137.8    1.20  5.160961e-04  6.794256e-01
84723   81.9    8.1    0.35  350.9  131.6    0.70  5.156783e-04  6.799413e-01
188793  156.8  -66.8    0.35  356.4  137.2    1.43  5.156089e-04  6.804569e-01
189719  158.3  -68.3    0.35  292.1   72.9    1.53  5.151719e-04  6.809721e-01
186610  153.8  -63.8    0.35  287.1   67.9    1.27  5.147146e-04  6.814868e-01
188542  156.4  -66.4    0.35  357.9  138.7    1.41  5.140101e-04  6.820008e-01
185510  152.7  -62.7    0.35    3.0  143.8    1.22  5.135315e-04  6.825144e-01
186890  154.2  -64.2    0.35  286.1   66.8    1.29  5.130444e-04  6.830274e-01
188017  155.7  -65.7    0.35  345.7  126.4    1.36  5.129428e-04  6.835403e-01
92409   86.4    3.6    0.35  355.4  136.2    0.70  5.122971e-04  6.840526e-01
186326  153.4  -63.4    0.35  288.1   68.9    1.25  5.111033e-04  6.845637e-01
186324  153.4  -63.4    0.35  285.6   66.4    1.25  5.101521e-04  6.850739e-01
183970  150.8  -60.8    0.35    2.8  143.6    1.14  5.100562e-04  6.855839e-01
191476  161.3  -71.3    0.35  304.4   85.2    1.76  5.048695e-04  6.860888e-01
93429   87.0    3.0    0.35  352.6  133.4    0.70  5.034338e-04  6.865923e-01
187755  155.3  -65.3    0.35  348.6  129.3    1.34  5.031335e-04  6.870954e-01
94445   87.6    2.4    0.35  347.0  127.8    0.70  5.023017e-04  6.875977e-01
189482  157.9  -67.9    0.35  291.8   72.5    1.50  5.014032e-04  6.880991e-01
191271  160.9  -70.9    0.35  303.8   84.5    1.73  5.007981e-04  6.885999e-01
186035  153.1  -63.1    0.35  285.4   66.2    1.23  4.988423e-04  6.890987e-01
186325  153.4  -63.4    0.35  286.9   67.6    1.25  4.983442e-04  6.895971e-01
186037  153.1  -63.1    0.35  287.9   68.6    1.23  4.981207e-04  6.900952e-01
90363   85.2    4.8    0.35  356.8  137.6    0.70  4.978459e-04  6.905930e-01
92410   86.4    3.6    0.35  356.1  136.9    0.70  4.949999e-04  6.910880e-01
187754  155.3  -65.3    0.35  347.2  128.0    1.34  4.942009e-04  6.915822e-01
191475  161.3  -71.3    0.35  302.6   83.4    1.76  4.940151e-04  6.920763e-01
184284  151.2  -61.2    0.35    0.6  141.3    1.15  4.935925e-04  6.925699e-01
186889  154.2  -64.2    0.35  284.8   65.6    1.29  4.931439e-04  6.930630e-01
187708  155.3  -65.3    0.35  285.4   66.2    1.34  4.912360e-04  6.935542e-01
188754  156.8  -66.8    0.35  300.7   81.5    1.43  4.904460e-04  6.940447e-01
186036  153.1  -63.1    0.35  286.6   67.4    1.23  4.894704e-04  6.945341e-01
191270  160.9  -70.9    0.35  302.0   82.8    1.73  4.878056e-04  6.950220e-01
183969  150.8  -60.8    0.35    1.7  142.5    1.14  4.862791e-04  6.955082e-01
187439  154.9  -64.9    0.35  285.2   66.0    1.32  4.860745e-04  6.959943e-01
83703   81.3    8.7    0.35  353.7  134.4    0.70  4.853030e-04  6.964796e-01
84213   81.6    8.4    0.35  352.6  133.4    0.70  4.841583e-04  6.969638e-01
186608  153.8  -63.8    0.35  284.6   65.3    1.27  4.830617e-04  6.974468e-01
184595  151.2  -61.2    0.35  359.4  140.2    1.15  4.822711e-04  6.979291e-01
94449   87.6    2.4    0.35  349.8  130.6    0.70  4.818650e-04  6.984110e-01
191269  160.9  -70.9    0.35  300.3   81.1    1.73  4.804001e-04  6.988914e-01
187487  154.9  -64.9    0.35  348.8  129.5    1.32  4.800955e-04  6.993715e-01
185205  151.9  -61.9    0.35  357.0  137.8    1.18  4.776638e-04  6.998491e-01
187166  154.6  -64.6    0.35  285.0   65.8    1.30  4.762648e-04  7.003254e-01
185744  152.7  -62.7    0.35  287.6   68.4    1.22  4.761606e-04  7.008016e-01
188286  156.1  -66.1    0.35  357.9  138.7    1.38  4.742160e-04  7.012758e-01
186323  153.4  -63.4    0.35  284.4   65.1    1.25  4.741156e-04  7.017499e-01
188027  155.7  -65.7    0.35  359.3  140.1    1.36  4.735753e-04  7.022235e-01
187496  155.3  -65.3    0.35    0.7  141.4    1.34  4.731027e-04  7.026966e-01
186034  153.1  -63.1    0.35  284.2   64.9    1.23  4.730843e-04  7.031696e-01
189481  157.9  -67.9    0.35  290.2   71.0    1.50  4.725445e-04  7.036422e-01
183650  150.4  -60.4    0.35    2.8  143.6    1.12  4.720318e-04  7.041142e-01
188501  156.4  -66.4    0.35  300.2   81.0    1.41  4.708850e-04  7.045851e-01
183327  150.1  -60.1    0.35    3.9  144.7    1.11  4.703902e-04  7.050555e-01
191060  160.5  -70.5    0.35  299.7   80.5    1.70  4.699588e-04  7.055255e-01
83702   81.3    8.7    0.35  353.0  133.7    0.70  4.689878e-04  7.059944e-01
189240  157.6  -67.6    0.35  289.9   70.7    1.48  4.682772e-04  7.064627e-01
185210  152.3  -62.3    0.35    3.0  143.8    1.20  4.677590e-04  7.069305e-01
183651  150.4  -60.4    0.35    3.9  144.7    1.12  4.676578e-04  7.073981e-01
94958   87.9    2.1    0.35  347.3  128.1    0.70  4.669620e-04  7.078651e-01
184902  151.6  -61.6    0.35  358.2  139.0    1.17  4.656486e-04  7.083307e-01
183328  150.1  -60.1    0.35    5.0  145.8    1.11  4.641945e-04  7.087949e-01
185741  152.7  -62.7    0.35  284.0   64.8    1.22  4.628788e-04  7.092578e-01
183968  150.8  -60.8    0.35    0.6  141.3    1.14  4.626846e-04  7.097205e-01
188500  156.4  -66.4    0.35  298.8   79.6    1.41  4.624388e-04  7.101829e-01
184907  151.9  -61.9    0.35    4.1  144.9    1.18  4.619063e-04  7.106449e-01
187216  154.6  -64.6    0.35  350.2  131.0    1.30  4.612020e-04  7.111061e-01
91387   85.8    4.2    0.35  356.8  137.6    0.70  4.595648e-04  7.115656e-01
188243  156.1  -66.1    0.35  298.4   79.2    1.38  4.595218e-04  7.120251e-01
191697  161.6  -71.6    0.35  341.1  121.9    1.80  4.593247e-04  7.124845e-01
188995  157.2  -67.2    0.35  289.6   70.4    1.45  4.591777e-04  7.129436e-01
191498  161.3  -71.3    0.35  343.2  124.0    1.76  4.590614e-04  7.134027e-01
191891  162.0  -72.0    0.35  337.0  117.8    1.84  4.574217e-04  7.138601e-01
191295  160.9  -70.9    0.35  345.3  126.1    1.73  4.557554e-04  7.143159e-01
191088  160.5  -70.5    0.35  347.3  128.0    1.70  4.550805e-04  7.147710e-01
191696  161.6  -71.6    0.35  339.3  120.1    1.80  4.549639e-04  7.152259e-01
185742  152.7  -62.7    0.35  285.2   66.0    1.22  4.547947e-04  7.156807e-01
190877  160.2  -70.2    0.35  349.2  129.9    1.67  4.547439e-04  7.161355e-01
192082  162.4  -72.4    0.35  334.7  115.5    1.88  4.532090e-04  7.165887e-01
191497  161.3  -71.3    0.35  341.5  122.2    1.76  4.521983e-04  7.170409e-01
188242  156.1  -66.1    0.35  297.0   77.8    1.38  4.514742e-04  7.174923e-01
185445  152.3  -62.3    0.35  285.0   65.8    1.20  4.511753e-04  7.179435e-01
192268  162.8  -72.8    0.35  330.3  111.1    1.91  4.506496e-04  7.183942e-01
192081  162.4  -72.4    0.35  332.8  113.6    1.88  4.492994e-04  7.188435e-01
187215  154.6  -64.6    0.35  348.9  129.7    1.30  4.486543e-04  7.192921e-01
88827   84.3    5.7    0.35  356.5  137.3    0.70  4.484756e-04  7.197406e-01
92920   86.7    3.3    0.35  354.4  135.1    0.70  4.481906e-04  7.201888e-01
191890  162.0  -72.0    0.35  335.2  116.0    1.84  4.477669e-04  7.206366e-01
191087  160.5  -70.5    0.35  345.6  126.3    1.70  4.474717e-04  7.210840e-01
191294  160.9  -70.9    0.35  343.6  124.3    1.73  4.471545e-04  7.215312e-01
186941  154.2  -64.2    0.35  351.6  132.4    1.29  4.461927e-04  7.219774e-01
185444  152.3  -62.3    0.35  283.8   64.6    1.20  4.451738e-04  7.224225e-01
190876  160.2  -70.2    0.35  347.5  128.3    1.67  4.449340e-04  7.228675e-01
190661  159.8  -69.8    0.35  349.4  130.1    1.64  4.446849e-04  7.233122e-01
192080  162.4  -72.4    0.35  330.9  111.7    1.88  4.445253e-04  7.237567e-01
186033  153.1  -63.1    0.35  282.9   63.7    1.23  4.443871e-04  7.242011e-01
90350   85.2    4.8    0.35  347.7  128.5    0.70  4.438675e-04  7.246449e-01
187716  155.3  -65.3    0.35  296.2   77.0    1.34  4.427912e-04  7.250877e-01
187763  155.3  -65.3    0.35  359.3  140.1    1.34  4.426150e-04  7.255304e-01
192267  162.8  -72.8    0.35  328.4  109.2    1.91  4.417248e-04  7.259721e-01
187981  155.7  -65.7    0.35  296.6   77.4    1.36  4.408942e-04  7.264130e-01
190846  160.2  -70.2    0.35  297.5   78.3    1.67  4.408097e-04  7.268538e-01
192266  162.8  -72.8    0.35  326.5  107.3    1.91  4.407376e-04  7.272945e-01
88303   84.0    6.0    0.35  348.4  129.2    0.70  4.394425e-04  7.277340e-01
186888  154.2  -64.2    0.35  283.5   64.3    1.29  4.391588e-04  7.281731e-01
186940  154.2  -64.2    0.35  350.4  131.1    1.29  4.379589e-04  7.286111e-01
187224  154.9  -64.9    0.35    0.7  141.4    1.32  4.372730e-04  7.290484e-01
190442  159.4  -69.4    0.35  351.2  131.9    1.61  4.359782e-04  7.294843e-01
186949  154.6  -64.6    0.35    2.0  142.7    1.30  4.358155e-04  7.299201e-01
190629  159.8  -69.8    0.35  297.0   77.8    1.64  4.343864e-04  7.303545e-01
192079  162.4  -72.4    0.35  329.1  109.8    1.88  4.337188e-04  7.307883e-01
190219  159.1  -69.1    0.35  352.9  133.7    1.58  4.336362e-04  7.312219e-01
182999  149.7  -59.7    0.35    3.8  144.6    1.10  4.336111e-04  7.316555e-01
187715  155.3  -65.3    0.35  294.9   75.6    1.34  4.335042e-04  7.320890e-01
182668  149.3  -59.3    0.35    4.9  145.6    1.08  4.329932e-04  7.325220e-01
188994  157.2  -67.2    0.35  288.1   68.9    1.45  4.328245e-04  7.329548e-01
185743  152.7  -62.7    0.35  286.4   67.2    1.22  4.319481e-04  7.333868e-01
182669  149.3  -59.3    0.35    6.0  146.7    1.08  4.314088e-04  7.338182e-01
184594  151.2  -61.2    0.35  358.3  139.0    1.15  4.304901e-04  7.342487e-01
84211   81.6    8.4    0.35  351.2  132.0    0.70  4.301310e-04  7.346788e-01
183000  149.7  -59.7    0.35    4.9  145.7    1.10  4.297992e-04  7.351086e-01
183649  150.4  -60.4    0.35    1.7  142.5    1.12  4.294347e-04  7.355380e-01
188745  156.8  -66.8    0.35  287.9   68.6    1.43  4.289541e-04  7.359670e-01
185740  152.7  -62.7    0.35  282.8   63.5    1.22  4.288520e-04  7.363958e-01
183648  150.4  -60.4    0.35    0.6  141.3    1.12  4.287131e-04  7.368246e-01
186607  153.8  -63.8    0.35  283.3   64.1    1.27  4.286561e-04  7.372532e-01
192265  162.8  -72.8    0.35  324.6  105.3    1.91  4.285539e-04  7.376818e-01
192264  162.8  -72.8    0.35  322.7  103.4    1.91  4.281438e-04  7.381099e-01
185144  151.9  -61.9    0.35  284.8   65.6    1.18  4.271461e-04  7.385371e-01
94959   87.9    2.1    0.35  348.0  128.8    0.70  4.266596e-04  7.389637e-01
186661  153.8  -63.8    0.35  351.8  132.5    1.27  4.265728e-04  7.393903e-01
187446  154.9  -64.9    0.35  294.5   75.3    1.32  4.258951e-04  7.398162e-01
93940   87.3    2.7    0.35  351.6  132.3    0.70  4.253092e-04  7.402415e-01
184288  151.2  -61.2    0.35    5.2  146.0    1.15  4.237559e-04  7.406652e-01
183325  150.1  -60.1    0.35    1.7  142.4    1.11  4.222256e-04  7.410875e-01
189991  158.7  -68.7    0.35  353.0  133.8    1.55  4.219933e-04  7.415095e-01
185446  152.3  -62.3    0.35  286.2   67.0    1.20  4.213489e-04  7.419308e-01
190218  159.1  -69.1    0.35  351.3  132.1    1.58  4.210807e-04  7.423519e-01
184283  150.8  -60.8    0.35  359.4  140.2    1.14  4.209786e-04  7.427729e-01
192263  162.8  -72.8    0.35  320.7  101.5    1.91  4.209361e-04  7.431938e-01
184599  151.6  -61.6    0.35    4.1  144.9    1.17  4.203193e-04  7.436141e-01
89339   84.6    5.4    0.35  356.8  137.6    0.70  4.196758e-04  7.440338e-01
93933   87.3    2.7    0.35  346.6  127.4    0.70  4.192877e-04  7.444531e-01
188492  156.4  -66.4    0.35  287.6   68.3    1.41  4.188420e-04  7.448719e-01
189760  158.3  -68.3    0.35  354.7  135.4    1.53  4.185524e-04  7.452905e-01
83701   81.3    8.7    0.35  352.3  133.0    0.70  4.181346e-04  7.457086e-01
186322  153.4  -63.4    0.35  283.1   63.9    1.25  4.179179e-04  7.461265e-01
185443  152.3  -62.3    0.35  282.6   63.4    1.20  4.172940e-04  7.465438e-01
189525  157.9  -67.9    0.35  356.2  137.0    1.50  4.170768e-04  7.469609e-01
94450   87.6    2.4    0.35  350.5  131.3    0.70  4.170719e-04  7.473780e-01
186386  153.8  -63.8    0.35    3.2  143.9    1.27  4.167522e-04  7.477947e-01
186669  154.2  -64.2    0.35    1.9  142.7    1.29  4.147678e-04  7.482095e-01
192262  162.8  -72.8    0.35  318.8   99.6    1.91  4.137958e-04  7.486233e-01
186378  153.4  -63.4    0.35  353.1  133.9    1.25  4.129641e-04  7.490363e-01
186948  154.6  -64.6    0.35    0.7  141.4    1.30  4.110263e-04  7.494473e-01
92921   86.7    3.3    0.35  355.1  135.8    0.70  4.108829e-04  7.498582e-01
185145  151.9  -61.9    0.35  286.0   66.8    1.18  4.103666e-04  7.502685e-01
83189   81.0    9.0    0.35  352.6  133.4    0.70  4.094606e-04  7.506780e-01
187172  154.6  -64.6    0.35  292.8   73.6    1.30  4.088760e-04  7.510869e-01
189498  157.9  -67.9    0.35  315.8   96.5    1.50  4.088403e-04  7.514957e-01
186895  154.2  -64.2    0.35  292.5   73.3    1.29  4.088136e-04  7.519045e-01
92397   86.4    3.6    0.35  347.0  127.8    0.70  4.085789e-04  7.523131e-01
93430   87.0    3.0    0.35  353.3  134.1    0.70  4.078784e-04  7.527210e-01
183326  150.1  -60.1    0.35    2.8  143.5    1.11  4.071717e-04  7.531282e-01
189524  157.9  -67.9    0.35  354.8  135.5    1.50  4.059968e-04  7.535342e-01
189735  158.3  -68.3    0.35  316.5   97.3    1.53  4.051175e-04  7.539393e-01
92922   86.7    3.3    0.35  355.8  136.5    0.70  4.027168e-04  7.543420e-01
186377  153.4  -63.4    0.35  351.9  132.6    1.25  4.017584e-04  7.547437e-01
189285  157.6  -67.6    0.35  356.3  137.1    1.48  4.013378e-04  7.551451e-01
185143  151.9  -61.9    0.35  283.6   64.4    1.18  4.012300e-04  7.555463e-01
190628  159.8  -69.8    0.35  295.4   76.1    1.64  4.007108e-04  7.559470e-01
189042  157.2  -67.2    0.35  357.8  138.6    1.45  4.006503e-04  7.563477e-01
189497  157.9  -67.9    0.35  314.2   95.0    1.50  4.004444e-04  7.567481e-01
181993  148.5  -58.5    0.35    5.8  146.6    1.06  3.993518e-04  7.571475e-01
182332  148.9  -58.9    0.35    4.8  145.6    1.07  3.990770e-04  7.575465e-01
189737  158.3  -68.3    0.35  319.6  100.3    1.53  3.980549e-04  7.579446e-01
186894  154.2  -64.2    0.35  291.2   72.0    1.29  3.975037e-04  7.583421e-01
189736  158.3  -68.3    0.35  318.1   98.8    1.53  3.974226e-04  7.587395e-01
189739  158.3  -68.3    0.35  322.6  103.4    1.53  3.972239e-04  7.591368e-01
182333  148.9  -58.9    0.35    5.9  146.7    1.07  3.966241e-04  7.595334e-01
189500  157.9  -67.9    0.35  318.7   99.5    1.50  3.963612e-04  7.599297e-01
189741  158.3  -68.3    0.35  325.7  106.4    1.53  3.955565e-04  7.603253e-01
186098  153.4  -63.4    0.35    3.1  143.9    1.25  3.952900e-04  7.607206e-01
186385  153.8  -63.8    0.35    1.9  142.7    1.27  3.946984e-04  7.611153e-01
190407  159.4  -69.4    0.35  294.9   75.7    1.61  3.940969e-04  7.615094e-01
189499  157.9  -67.9    0.35  317.2   98.0    1.50  3.939360e-04  7.619033e-01
183972  150.8  -60.8    0.35    5.1  145.9    1.14  3.935705e-04  7.622969e-01
94960   87.9    2.1    0.35  348.8  129.5    0.70  3.933851e-04  7.626903e-01
189738  158.3  -68.3    0.35  321.1  101.9    1.53  3.931370e-04  7.630834e-01
189740  158.3  -68.3    0.35  324.2  104.9    1.53  3.926710e-04  7.634761e-01
189502  157.9  -67.9    0.35  321.8  102.5    1.50  3.919863e-04  7.638681e-01
84722   81.9    8.1    0.35  350.2  130.9    0.70  3.917411e-04  7.642598e-01
189742  158.3  -68.3    0.35  327.2  108.0    1.53  3.916872e-04  7.646515e-01
186613  153.8  -63.8    0.35  290.9   71.7    1.27  3.900147e-04  7.650415e-01
189501  157.9  -67.9    0.35  320.2  101.0    1.50  3.894836e-04  7.654310e-01
183967  150.4  -60.4    0.35  359.4  140.2    1.12  3.891604e-04  7.658202e-01
181994  148.5  -58.5    0.35    6.9  147.6    1.06  3.890212e-04  7.662092e-01
189503  157.9  -67.9    0.35  323.2  104.0    1.50  3.887465e-04  7.665979e-01
184838  151.6  -61.6    0.35  283.4   64.2    1.17  3.887020e-04  7.669866e-01
189506  157.9  -67.9    0.35  327.8  108.5    1.50  3.886017e-04  7.673752e-01
185142  151.9  -61.9    0.35  282.4   63.2    1.18  3.881115e-04  7.677633e-01
188794  156.8  -66.8    0.35  357.9  138.6    1.43  3.873275e-04  7.681507e-01
182997  149.7  -59.7    0.35    1.6  142.4    1.10  3.860106e-04  7.685367e-01
188028  156.1  -66.1    0.35    0.7  141.5    1.38  3.857605e-04  7.689224e-01
183653  150.4  -60.4    0.35    6.2  147.0    1.12  3.851466e-04  7.693076e-01
185806  153.1  -63.1    0.35    3.1  143.8    1.23  3.848943e-04  7.696925e-01
188543  156.4  -66.4    0.35  359.3  140.1    1.41  3.846990e-04  7.700772e-01
185511  152.7  -62.7    0.35    4.3  145.0    1.22  3.846028e-04  7.704618e-01
189504  157.9  -67.9    0.35  324.8  105.5    1.50  3.844866e-04  7.708463e-01
186090  153.1  -63.1    0.35  353.2  134.0    1.23  3.841819e-04  7.712304e-01
91900   86.1    3.9    0.35  357.2  138.0    0.70  3.837420e-04  7.716142e-01
190406  159.4  -69.4    0.35  293.3   74.1    1.61  3.835060e-04  7.719977e-01
189505  157.9  -67.9    0.35  326.2  107.0    1.50  3.833653e-04  7.723811e-01
185141  151.9  -61.9    0.35  281.2   62.0    1.18  3.820804e-04  7.727631e-01
182666  149.3  -59.3    0.35    2.7  143.5    1.08  3.820497e-04  7.731452e-01
184529  151.2  -61.2    0.35  283.3   64.0    1.15  3.813806e-04  7.735266e-01
189508  157.9  -67.9    0.35  330.8  111.5    1.50  3.813466e-04  7.739079e-01
189509  157.9  -67.9    0.35  332.2  113.0    1.50  3.805222e-04  7.742884e-01
189495  157.9  -67.9    0.35  311.2   92.0    1.50  3.799473e-04  7.746684e-01
189507  157.9  -67.9    0.35  329.2  110.0    1.50  3.794380e-04  7.750478e-01
188234  156.1  -66.1    0.35  285.9   66.7    1.38  3.794134e-04  7.754272e-01
184837  151.6  -61.6    0.35  282.3   63.0    1.17  3.791269e-04  7.758064e-01
189253  157.6  -67.6    0.35  309.1   89.9    1.48  3.791121e-04  7.761855e-01
190181  159.1  -69.1    0.35  292.9   73.7    1.58  3.788439e-04  7.765643e-01
93431   87.0    3.0    0.35  354.0  134.8    0.70  3.788376e-04  7.769432e-01
85233   82.2    7.8    0.35  349.8  130.6    0.70  3.784311e-04  7.773216e-01
189008  157.2  -67.2    0.35  308.5   89.2    1.45  3.771142e-04  7.776987e-01
186032  153.1  -63.1    0.35  281.7   62.5    1.23  3.770248e-04  7.780757e-01
92411   86.4    3.6    0.35  356.8  137.6    0.70  3.768743e-04  7.784526e-01
186328  153.4  -63.4    0.35  290.6   71.4    1.25  3.762591e-04  7.788289e-01
182998  149.7  -59.7    0.35    2.7  143.5    1.10  3.761268e-04  7.792050e-01
189007  157.2  -67.2    0.35  307.0   87.8    1.45  3.758417e-04  7.795808e-01
189252  157.6  -67.6    0.35  307.6   88.4    1.48  3.747966e-04  7.799556e-01
93941   87.3    2.7    0.35  352.3  133.0    0.70  3.744692e-04  7.803301e-01
189254  157.6  -67.6    0.35  310.6   91.3    1.48  3.744452e-04  7.807045e-01
189496  157.9  -67.9    0.35  312.8   93.5    1.50  3.738830e-04  7.810784e-01
189255  157.6  -67.6    0.35  312.0   92.8    1.48  3.738795e-04  7.814523e-01
189952  158.7  -68.7    0.35  292.5   73.3    1.55  3.720080e-04  7.818243e-01
182667  149.3  -59.3    0.35    3.8  144.6    1.08  3.716770e-04  7.821960e-01
187497  155.3  -65.3    0.35    2.0  142.8    1.34  3.714759e-04  7.825675e-01
187973  155.7  -65.7    0.35  285.7   66.4    1.36  3.714747e-04  7.829389e-01
184216  150.8  -60.8    0.35  283.1   63.9    1.14  3.706296e-04  7.833096e-01
185799  152.7  -62.7    0.35  354.5  135.3    1.22  3.700071e-04  7.836796e-01
187764  155.7  -65.7    0.35    0.7  141.4    1.36  3.699091e-04  7.840495e-01
188287  156.1  -66.1    0.35  359.3  140.1    1.38  3.697399e-04  7.844192e-01
184528  151.2  -61.2    0.35  282.1   62.9    1.15  3.688711e-04  7.847881e-01
184836  151.6  -61.6    0.35  281.1   61.9    1.17  3.685605e-04  7.851567e-01
189269  157.6  -67.6    0.35  332.7  113.5    1.48  3.683164e-04  7.855250e-01
189268  157.6  -67.6    0.35  331.2  112.0    1.48  3.682417e-04  7.858932e-01
92923   86.7    3.3    0.35  356.5  137.3    0.70  3.673264e-04  7.862605e-01
Qveto:      1.032190 1.265618
wat version = 2G
online version = 1
search=R
## number of events with rho>= rho of the event | corresponding rate | start time of the analyzed segment list | end time of the analyzed segment list | duration of the analyzed segment list
#significance based on the last processed job (about 180 seconds)
1 3.33333e-06 1124794132 1124794732 600
#significance based on the last hour
1 3.0303e-07 1126105404 1126109004 3600
#significance based on the last day
1 1.17786e-08 1125408840 1126109604 700764
#significance based on all the processed livetime in the run
1 4.89333e-09 1124108008 1126110204 2002196
/home/waveburst/online/ER8_LH_ONLINE/JOBS/112625/1126259540-1126259600/OUTPUT.merged/TRIGGERS/trigger_1126259462.3910.txt
